1  0.211648 0.303906 0.053977 0.029687
1  0.480114 0.259375 0.062500 0.034375
1  0.488636 0.309375 0.039773 0.021875
1  0.482955 0.559375 0.051136 0.028125
1  0.944602 0.477344 0.048295 0.026562
1  0.883523 0.503125 0.039773 0.021875
1  0.877841 0.535937 0.051136 0.028125
1  0.886364 0.632812 0.045455 0.025000
1  0.724432 0.651563 0.034091 0.018750
1  0.194602 0.721094 0.042614 0.023438
1  0.028409 0.855469 0.051136 0.029687
1  0.088068 0.853125 0.051136 0.028125
1  0.032670 0.335156 0.042614 0.023438
1  0.173295 0.395313 0.039773 0.021875
1  0.167614 0.423438 0.039773 0.021875
1  0.207386 0.332813 0.039773 0.021875
1  0.818182 0.314063 0.034091 0.018750
1  0.862216 0.316406 0.042614 0.023438
1  0.839489 0.328906 0.048295 0.026562
1  0.606534 0.411719 0.036932 0.020313
