0 0.494318 0.093750 0.056818 0.031250
0 0.833807 0.121875 0.059659 0.037500
0 0.272727 0.125781 0.068182 0.039062
0 0.169034 0.275781 0.059659 0.032813
0 0.271307 0.218750 0.071023 0.037500
0 0.467330 0.325781 0.059659 0.026562
0 0.134943 0.453125 0.059659 0.034375
0 0.498580 0.406250 0.071023 0.034375
0 0.974432 0.375000 0.051136 0.040625
0 0.691761 0.471094 0.048295 0.029687
0 0.271307 0.463281 0.053977 0.032813
0 0.428977 0.523438 0.051136 0.028125
0 0.453125 0.486719 0.048295 0.026562
0 0.725852 0.497656 0.059659 0.026562
