1  0.254261 0.671094 0.031250 0.023438
1  0.480114 0.672656 0.039773 0.023438
1  0.467330 0.636719 0.031250 0.017188
1  0.755682 0.569531 0.051136 0.029687
1  0.721591 0.549219 0.045455 0.026562
1  0.529830 0.487500 0.031250 0.018750
1  0.490057 0.453906 0.042614 0.020313
1  0.458807 0.465625 0.025568 0.021875
1  0.352273 0.468750 0.045455 0.021875
1  0.299716 0.473438 0.036932 0.021875
1  0.302557 0.496875 0.053977 0.018750
1  0.335227 0.374219 0.028409 0.023438
1  0.396307 0.328906 0.048295 0.029687
1  0.982955 0.542188 0.034091 0.018750
1  0.909091 0.585156 0.039773 0.010937
1  0.805398 0.335938 0.042614 0.015625
1  0.836648 0.353125 0.031250 0.021875
1  0.897727 0.328125 0.051136 0.021875
1  0.950284 0.417187 0.042614 0.021875
1  0.981534 0.391406 0.036932 0.026562
1  0.982955 0.313281 0.034091 0.020313
