1 0.430398 0.349219 0.048295 0.032813
1 0.535511 0.357031 0.048295 0.020313
1 0.529830 0.263281 0.036932 0.020313
1 0.420455 0.231250 0.062500 0.031250
1 0.440341 0.280469 0.051136 0.042188
1 0.789773 0.285938 0.045455 0.021875
1 0.934659 0.328906 0.073864 0.029687
1 0.913352 0.353125 0.059659 0.025000
1 0.963068 0.394531 0.062500 0.035937
1 0.961648 0.467187 0.065341 0.031250
1 0.806818 0.378906 0.045455 0.026562
1 0.833807 0.491406 0.053977 0.026562
1 0.968750 0.514844 0.056818 0.029687
1 0.714489 0.582812 0.048295 0.021875
1 0.687500 0.579688 0.039773 0.021875
1 0.285511 0.630469 0.036932 0.023438
1 0.257102 0.635156 0.042614 0.023438
1 0.068182 0.578125 0.045455 0.018750
1 0.205966 0.503906 0.048295 0.023438
1 0.204545 0.390625 0.034091 0.025000
1 0.791193 0.529687 0.042614 0.021875
1 0.674716 0.264844 0.036932 0.026562
