1  0.360795 0.803125 0.028409 0.015625
1  0.444602 0.804688 0.036932 0.015625
1  0.424716 0.682031 0.065341 0.039062
1  0.223011 0.638281 0.042614 0.020313
1  0.183239 0.524219 0.048295 0.026562
1  0.526989 0.585156 0.048295 0.023438
1  0.529830 0.624219 0.031250 0.023438
1  0.413352 0.637500 0.036932 0.018750
1  0.728693 0.066406 0.042614 0.017188
1  0.683239 0.261719 0.048295 0.032813
1  0.201705 0.323437 0.051136 0.018750
1  0.058239 0.334375 0.036932 0.025000
1  0.113636 0.340625 0.045455 0.025000
1  0.279830 0.394531 0.048295 0.023438
1  0.223011 0.399219 0.053977 0.023438
1  0.744318 0.510156 0.051136 0.029687
1  0.687500 0.508594 0.051136 0.023438
1  0.678977 0.536719 0.034091 0.026562
1  0.718750 0.534375 0.045455 0.021875
1  0.556818 0.532813 0.034091 0.012500
1  0.473011 0.444531 0.042614 0.017188
1  0.457386 0.489063 0.039773 0.015625
1  0.715909 0.406250 0.051136 0.021875
1  0.637784 0.412500 0.031250 0.015625
