1  0.193182 0.571094 0.056818 0.029687
1  0.221591 0.690625 0.045455 0.028125
1  0.464489 0.734375 0.071023 0.037500
1  0.443182 0.685156 0.051136 0.029687
1  0.465909 0.860938 0.045455 0.021875
1  0.370739 0.860156 0.036932 0.020313
1  0.725852 0.778906 0.042614 0.020313
1  0.561080 0.625000 0.053977 0.034375
1  0.568182 0.670312 0.045455 0.031250
1  0.041193 0.371094 0.048295 0.023438
1  0.262784 0.432812 0.042614 0.031250
1  0.187500 0.351562 0.034091 0.028125
1  0.187500 0.435156 0.056818 0.029687
1  0.771307 0.539844 0.053977 0.029687
1  0.711648 0.542188 0.065341 0.025000
1  0.745739 0.567187 0.042614 0.028125
1  0.710227 0.571875 0.039773 0.031250
1  0.488636 0.478906 0.051136 0.020313
1  0.524148 0.507031 0.053977 0.017188
1  0.691761 0.285938 0.048295 0.031250
1  0.517045 0.377344 0.039773 0.023438
1  0.758523 0.433594 0.051136 0.026562
