1 0.394886 0.194531 0.051136 0.029687
1 0.534091 0.211719 0.051136 0.029687
1 0.522727 0.246094 0.045455 0.020313
1 0.529830 0.320312 0.053977 0.034375
1 0.389205 0.320312 0.039773 0.025000
1 0.450284 0.325000 0.042614 0.025000
1 0.420455 0.368750 0.051136 0.034375
1 0.482955 0.373437 0.051136 0.025000
1 0.438920 0.418750 0.048295 0.031250
1 0.306818 0.500781 0.045455 0.023438
1 0.335227 0.524219 0.039773 0.029687
1 0.353693 0.546875 0.048295 0.021875
1 0.463068 0.607031 0.039773 0.026562
1 0.497159 0.616406 0.045455 0.026562
1 0.934659 0.521094 0.045455 0.020313
1 0.921875 0.341406 0.036932 0.023438
1 0.559659 0.278906 0.034091 0.017188
1 0.681818 0.652344 0.051136 0.017188
1 0.890625 0.463281 0.065341 0.026562
1 0.855114 0.582812 0.051136 0.028125
