1  0.034091 0.359375 0.056818 0.031250
1  0.465909 0.835938 0.051136 0.028125
1  0.410511 0.847656 0.042614 0.023438
1  0.224432 0.603125 0.051136 0.028125
1  0.580966 0.700781 0.042614 0.023438
1  0.194602 0.539844 0.053977 0.029687
1  0.092330 0.510156 0.031250 0.017188
1  0.026989 0.403125 0.048295 0.028125
1  0.164773 0.323437 0.051136 0.028125
1  0.383523 0.312500 0.039773 0.021875
1  0.593750 0.281250 0.056818 0.031250
1  0.833807 0.214844 0.042614 0.023438
1  0.828125 0.275781 0.036932 0.020313
1  0.552557 0.380469 0.071023 0.039062
1  0.620739 0.380469 0.048295 0.026562
1  0.683239 0.502344 0.042614 0.023438
1  0.644886 0.515625 0.039773 0.021875
1  0.674716 0.157031 0.031250 0.017188
