1  0.042614 0.334375 0.039773 0.021875
1  0.066761 0.336719 0.042614 0.023438
1  0.909091 0.429688 0.039773 0.021875
1  0.884943 0.444531 0.036932 0.020313
1  0.944602 0.467969 0.036932 0.020313
1  0.769886 0.446875 0.039773 0.021875
1  0.906250 0.396875 0.039773 0.021875
1  0.840909 0.304688 0.045455 0.025000
1  0.694602 0.233594 0.053977 0.029687
1  0.416193 0.385156 0.036932 0.020313
1  0.308239 0.332031 0.031250 0.017188
1  0.170455 0.414062 0.045455 0.025000
1  0.196023 0.414062 0.039773 0.021875
1  0.076705 0.520312 0.034091 0.018750
1  0.066761 0.553906 0.048295 0.026562
1  0.065341 0.654687 0.045455 0.025000
1  0.319602 0.664844 0.042614 0.023438
1  0.244318 0.514062 0.045455 0.025000
1  0.176136 0.695312 0.039773 0.021875
1  0.828125 0.655469 0.036932 0.020313
1  0.718750 0.471875 0.039773 0.021875
1  0.857955 0.551562 0.045455 0.025000
1  0.832386 0.618750 0.039773 0.021875
1  0.348011 0.523438 0.053977 0.025000
1  0.906250 0.242969 0.056818 0.023438
1  0.767045 0.346094 0.045455 0.026562
