1 0.268466 0.250000 0.059659 0.031250
1 0.284091 0.357812 0.039773 0.028125
1 0.769886 0.342969 0.034091 0.023438
1 0.750000 0.365625 0.045455 0.028125
1 0.772727 0.322656 0.039773 0.026562
1 0.799716 0.478125 0.048295 0.021875
1 0.799716 0.407813 0.048295 0.025000
1 0.390625 0.364063 0.053977 0.018750
1 0.795455 0.523438 0.039773 0.028125
1 0.857955 0.507031 0.056818 0.026562
1 0.836648 0.532813 0.042614 0.018750
1 0.582386 0.589844 0.056818 0.023438
1 0.559659 0.591406 0.051136 0.026562
1 0.651989 0.392969 0.036932 0.026562
1 0.169034 0.633594 0.036932 0.020313
1 0.294034 0.299219 0.042614 0.023438
