1  0.161932 0.337500 0.039773 0.021875
1  0.194602 0.336719 0.042614 0.023438
1  0.194602 0.360156 0.031250 0.017188
1  0.201705 0.321875 0.051136 0.028125
1  0.819602 0.228906 0.031250 0.017188
1  0.896307 0.449219 0.048295 0.026562
1  0.860795 0.464062 0.051136 0.028125
1  0.548295 0.384375 0.051136 0.028125
1  0.329545 0.410938 0.045455 0.025000
1  0.306818 0.417187 0.056818 0.031250
1  0.187500 0.554688 0.045455 0.025000
1  0.105114 0.570312 0.045455 0.025000
1  0.193182 0.657813 0.051136 0.028125
1  0.109375 0.675781 0.048295 0.026562
1  0.460227 0.526563 0.045455 0.025000
1  0.380682 0.517188 0.039773 0.021875
1  0.433239 0.667969 0.048295 0.026562
1  0.946023 0.660937 0.022727 0.012500
1  0.203125 0.522656 0.031250 0.017188
1  0.901989 0.349219 0.048295 0.026562
