1 0.238636 0.169531 0.045455 0.029687
1 0.389205 0.185156 0.056818 0.035937
1 0.376420 0.222656 0.048295 0.026562
1 0.434659 0.259375 0.039773 0.031250
1 0.393466 0.302344 0.059659 0.035937
1 0.238636 0.302344 0.051136 0.020313
1 0.276989 0.357031 0.053977 0.032813
1 0.298295 0.407031 0.068182 0.032813
1 0.171875 0.495312 0.042614 0.028125
1 0.204545 0.521875 0.045455 0.021875
1 0.232955 0.542188 0.039773 0.025000
1 0.349432 0.356250 0.039773 0.021875
1 0.899148 0.196094 0.059659 0.035937
1 0.786932 0.439063 0.045455 0.025000
1 0.387784 0.614062 0.042614 0.028125
1 0.345170 0.607031 0.048295 0.026562
1 0.809659 0.312500 0.039773 0.025000
