1 0.526989 0.512500 0.053977 0.031250
1 0.549716 0.531250 0.031250 0.021875
1 0.565341 0.551562 0.039773 0.018750
1 0.663352 0.612500 0.031250 0.018750
1 0.703125 0.624219 0.048295 0.029687
1 0.660511 0.433594 0.042614 0.026562
1 0.647727 0.384375 0.056818 0.031250
1 0.700284 0.392969 0.042614 0.026562
1 0.626420 0.340625 0.053977 0.025000
1 0.761364 0.342969 0.051136 0.026562
1 0.742898 0.264062 0.036932 0.025000
1 0.765625 0.240625 0.048295 0.025000
1 0.796875 0.265625 0.048295 0.021875
1 0.640625 0.221875 0.048295 0.018750
1 0.876420 0.664844 0.042614 0.023438
