1 0.430398 0.222656 0.059659 0.032813
1 0.443182 0.341406 0.051136 0.035937
1 0.549716 0.351562 0.059659 0.025000
1 0.963068 0.322656 0.051136 0.026562
1 0.934659 0.348438 0.056818 0.031250
1 0.813920 0.376563 0.048295 0.025000
1 0.727273 0.578906 0.039773 0.026562
1 0.704545 0.583594 0.045455 0.023438
1 0.340909 0.561719 0.039773 0.026562
1 0.068182 0.576562 0.039773 0.018750
1 0.205966 0.504687 0.059659 0.025000
1 0.217330 0.388281 0.053977 0.032813
1 0.228693 0.273438 0.048295 0.025000
1 0.454545 0.278906 0.068182 0.029687
1 0.539773 0.253906 0.045455 0.023438
1 0.926136 0.295312 0.039773 0.021875
1 0.968750 0.298438 0.051136 0.025000
1 0.845170 0.487500 0.059659 0.021875
1 0.808239 0.280469 0.036932 0.023438
