1  0.083807 0.662500 0.042614 0.025000
1  0.099432 0.703906 0.039773 0.026562
1  0.278409 0.569531 0.056818 0.032813
1  0.312500 0.593750 0.051136 0.034375
1  0.725852 0.528906 0.048295 0.029687
1  0.690341 0.542188 0.034091 0.031250
1  0.590909 0.564844 0.045455 0.026562
1  0.535511 0.612500 0.042614 0.025000
1  0.673295 0.655469 0.045455 0.026562
1  0.680398 0.686719 0.042614 0.023438
1  0.083807 0.428125 0.048295 0.025000
1  0.055398 0.465625 0.048295 0.025000
1  0.025568 0.476562 0.045455 0.021875
1  0.186080 0.278125 0.025568 0.018750
1  0.613636 0.400781 0.051136 0.032813
1  0.579545 0.432031 0.039773 0.023438
1  0.563920 0.453906 0.059659 0.023438
1  0.414773 0.346094 0.056818 0.020313
1  0.495739 0.335938 0.059659 0.025000
1  0.592330 0.317188 0.059659 0.034375
1  0.867898 0.814063 0.042614 0.021875
1  0.781250 0.816406 0.039773 0.017188
