1 0.044034 0.288281 0.053977 0.023438
1 0.068182 0.396875 0.062500 0.028125
1 0.169034 0.398438 0.042614 0.021875
1 0.143466 0.315625 0.042614 0.028125
1 0.526989 0.370312 0.042614 0.021875
1 0.528409 0.350781 0.039773 0.017188
1 0.494318 0.350781 0.028409 0.020313
1 0.401989 0.328125 0.048295 0.025000
1 0.519886 0.395313 0.062500 0.028125
1 0.490057 0.521875 0.048295 0.025000
1 0.392045 0.617188 0.051136 0.025000
1 0.575284 0.550781 0.053977 0.029687
1 0.634943 0.532031 0.059659 0.017188
1 0.795455 0.611719 0.039773 0.026562
1 0.589489 0.432031 0.053977 0.029687
1 0.632102 0.351562 0.031250 0.025000
1 0.646307 0.453125 0.042614 0.015625
