1 0.053977 0.396094 0.056818 0.026562
1 0.166193 0.394531 0.048295 0.020313
1 0.039773 0.284375 0.051136 0.028125
1 0.494318 0.347656 0.028409 0.017188
1 0.399148 0.330469 0.053977 0.017188
1 0.518466 0.368750 0.048295 0.025000
1 0.532670 0.346875 0.042614 0.018750
1 0.524148 0.392969 0.048295 0.029687
1 0.580966 0.433594 0.053977 0.032813
1 0.572443 0.553125 0.048295 0.018750
1 0.626420 0.533594 0.048295 0.026562
1 0.583807 0.507031 0.048295 0.020313
1 0.636364 0.456250 0.039773 0.021875
1 0.375000 0.616406 0.056818 0.023438
1 0.794034 0.614844 0.048295 0.029687
1 0.146307 0.309375 0.053977 0.021875
