1  0.353693 0.870313 0.036932 0.021875
1  0.446023 0.869531 0.051136 0.029687
1  0.463068 0.742188 0.068182 0.037500
1  0.559659 0.673438 0.039773 0.034375
1  0.431818 0.693750 0.045455 0.025000
1  0.205966 0.697656 0.042614 0.023438
1  0.176136 0.576562 0.056818 0.034375
1  0.546875 0.629687 0.048295 0.028125
1  0.757102 0.543750 0.053977 0.031250
1  0.698864 0.546875 0.062500 0.025000
1  0.734375 0.571875 0.048295 0.025000
1  0.693182 0.575000 0.034091 0.025000
1  0.241477 0.435937 0.051136 0.031250
1  0.170455 0.439844 0.056818 0.029687
1  0.134943 0.467969 0.036932 0.017188
1  0.024148 0.375781 0.042614 0.023438
1  0.071023 0.381250 0.045455 0.025000
1  0.468750 0.482812 0.039773 0.018750
1  0.502841 0.509375 0.051136 0.015625
1  0.680398 0.292969 0.048295 0.032813
1  0.741477 0.435937 0.051136 0.028125
1  0.490057 0.379688 0.036932 0.021875
1  0.823864 0.314844 0.034091 0.014063
1  0.703125 0.778125 0.025568 0.018750
1  0.708807 0.753906 0.025568 0.017188
1  0.634943 0.359375 0.025568 0.015625
