0 0.073864 0.132031 0.045455 0.026562
0 0.149148 0.142969 0.048295 0.029687
0 0.085227 0.221875 0.039773 0.021875
0 0.046875 0.275781 0.042614 0.026562
0 0.218750 0.299219 0.056818 0.029687
0 0.093750 0.330469 0.039773 0.017188
0 0.132102 0.330469 0.031250 0.020313
0 0.046875 0.339062 0.036932 0.021875
0 0.096591 0.547656 0.045455 0.023438
0 0.826705 0.393750 0.039773 0.028125
0 0.789773 0.371875 0.034091 0.021875
0 0.762784 0.311719 0.031250 0.023438
0 0.765625 0.250000 0.036932 0.021875
0 0.687500 0.267188 0.028409 0.018750
0 0.644886 0.258594 0.039773 0.026562
0 0.610795 0.380469 0.034091 0.020313
0 0.803977 0.496094 0.039773 0.023438
0 0.660511 0.478125 0.042614 0.025000
