1  0.348011 0.540625 0.053977 0.031250
1  0.707386 0.628125 0.045455 0.031250
1  0.620739 0.692969 0.071023 0.039062
1  0.680398 0.588281 0.042614 0.026562
1  0.328125 0.662500 0.053977 0.031250
1  0.267045 0.325781 0.051136 0.029687
1  0.143466 0.339844 0.053977 0.026562
1  0.274148 0.410156 0.053977 0.029687
1  0.245739 0.439844 0.036932 0.029687
1  0.082386 0.353906 0.045455 0.020313
1  0.330966 0.395313 0.048295 0.021875
1  0.791193 0.251563 0.071023 0.031250
1  0.741477 0.350000 0.056818 0.031250
1  0.866477 0.499219 0.045455 0.026562
1  0.821023 0.502344 0.045455 0.026562
1  0.833807 0.527344 0.031250 0.029687
1  0.690341 0.524219 0.039773 0.026562
1  0.857955 0.394531 0.056818 0.035937
1  0.909091 0.389844 0.039773 0.023438
1  0.585227 0.343750 0.034091 0.018750
