0 0.258523 0.093750 0.045455 0.028125
0 0.338068 0.103125 0.039773 0.025000
0 0.404830 0.263281 0.065341 0.032813
0 0.279830 0.297656 0.031250 0.017188
0 0.237216 0.307812 0.048295 0.021875
0 0.322443 0.301563 0.036932 0.025000
0 0.781250 0.346094 0.034091 0.020313
0 0.965909 0.278906 0.051136 0.020313
0 0.946023 0.215625 0.051136 0.028125
0 0.865057 0.232813 0.036932 0.021875
0 0.822443 0.224219 0.042614 0.026562
0 0.838068 0.444531 0.045455 0.023438
0 0.278409 0.519531 0.045455 0.023438
0 0.129261 0.435156 0.042614 0.026562
0 0.072443 0.367188 0.053977 0.021875
0 0.275568 0.180469 0.056818 0.032813
0 0.678977 0.236719 0.045455 0.026562
