1 0.150568 0.255469 0.039773 0.029687
1 0.171875 0.367969 0.048295 0.026562
1 0.276989 0.373437 0.042614 0.018750
1 0.644886 0.347656 0.045455 0.023438
1 0.646307 0.328125 0.048295 0.015625
1 0.639205 0.370312 0.051136 0.021875
1 0.696023 0.414844 0.056818 0.029687
1 0.688920 0.484375 0.048295 0.028125
1 0.674716 0.526563 0.048295 0.025000
1 0.737216 0.513281 0.042614 0.023438
1 0.478693 0.595313 0.042614 0.021875
1 0.454545 0.596875 0.039773 0.018750
1 0.259943 0.286719 0.042614 0.020313
1 0.173295 0.302344 0.034091 0.032813
1 0.744318 0.332813 0.045455 0.025000
