1  0.204545 0.531250 0.056818 0.028125
1  0.098011 0.522656 0.048295 0.029687
1  0.173295 0.671875 0.028409 0.028125
1  0.258523 0.389062 0.051136 0.025000
1  0.029830 0.419531 0.048295 0.032813
1  0.610795 0.445312 0.039773 0.025000
1  0.563920 0.471094 0.048295 0.023438
1  0.552557 0.445312 0.031250 0.028125
1  0.784091 0.460938 0.034091 0.025000
1  0.696023 0.553125 0.028409 0.018750
1  0.688920 0.617969 0.036932 0.026562
1  0.693182 0.653125 0.039773 0.031250
1  0.119318 0.659375 0.034091 0.018750
1  0.762784 0.429688 0.042614 0.025000
1  0.720170 0.441406 0.031250 0.017188
1  0.744318 0.397656 0.028409 0.029687
1  0.617898 0.347656 0.025568 0.023438
1  0.667614 0.298438 0.051136 0.028125
1  0.532670 0.235156 0.031250 0.026562
1  0.735795 0.245312 0.028409 0.015625
