1 0.264205 0.164844 0.051136 0.026562
1 0.420455 0.189062 0.051136 0.031250
1 0.401989 0.221094 0.042614 0.029687
1 0.424716 0.298438 0.053977 0.031250
1 0.271307 0.296094 0.053977 0.026562
1 0.308239 0.351562 0.048295 0.028125
1 0.235795 0.354687 0.051136 0.028125
1 0.322443 0.400781 0.053977 0.026562
1 0.200284 0.491406 0.036932 0.017188
1 0.228693 0.519531 0.048295 0.026562
1 0.255682 0.537500 0.045455 0.025000
1 0.353693 0.598437 0.042614 0.021875
1 0.406250 0.607031 0.034091 0.029687
1 0.767045 0.442188 0.039773 0.031250
1 0.795455 0.439063 0.051136 0.028125
1 0.931818 0.199219 0.051136 0.029687
1 0.377841 0.350781 0.034091 0.023438
