1 0.113636 0.373437 0.039773 0.021875
1 0.119318 0.395313 0.051136 0.025000
1 0.117898 0.353906 0.036932 0.017188
1 0.090909 0.353125 0.034091 0.018750
1 0.123580 0.521094 0.042614 0.017188
1 0.217330 0.529687 0.048295 0.018750
1 0.170455 0.546875 0.051136 0.021875
1 0.078125 0.539844 0.042614 0.017188
1 0.223011 0.462500 0.048295 0.025000
1 0.257102 0.450781 0.048295 0.020313
1 0.188920 0.435937 0.053977 0.028125
1 0.254261 0.336719 0.042614 0.020313
1 0.044034 0.612500 0.065341 0.021875
1 0.436080 0.608594 0.031250 0.023438
