1 0.045455 0.569531 0.039773 0.023438
1 0.237216 0.485938 0.071023 0.031250
1 0.480114 0.314063 0.068182 0.031250
1 0.592330 0.325781 0.048295 0.029687
1 0.494318 0.246875 0.051136 0.034375
1 0.475852 0.194531 0.076705 0.035937
1 0.278409 0.238281 0.068182 0.035937
1 0.863636 0.353125 0.056818 0.031250
1 0.971591 0.279687 0.056818 0.034375
1 0.745739 0.567187 0.082386 0.025000
1 0.308239 0.622656 0.048295 0.026562
1 0.342330 0.554688 0.048295 0.025000
1 0.099432 0.700781 0.051136 0.020313
1 0.553977 0.185938 0.051136 0.021875
1 0.576705 0.225000 0.062500 0.028125
1 0.873580 0.460156 0.053977 0.023438
1 0.821023 0.486719 0.039773 0.020313
1 0.963068 0.532813 0.039773 0.028125
