1  0.666193 0.849219 0.053977 0.029687
1  0.708807 0.842969 0.053977 0.029687
1  0.927557 0.164844 0.048295 0.026562
1  0.931818 0.196875 0.051136 0.028125
1  0.200284 0.327344 0.048295 0.026562
1  0.231534 0.282031 0.048295 0.026562
1  0.427557 0.324219 0.053977 0.029687
1  0.299716 0.358594 0.053977 0.029687
1  0.303977 0.403125 0.051136 0.028125
1  0.444602 0.542969 0.048295 0.026562
1  0.478693 0.600781 0.048295 0.026562
1  0.633523 0.312500 0.051136 0.028125
1  0.838068 0.281250 0.051136 0.028125
1  0.927557 0.489844 0.048295 0.026562
1  0.365057 0.272656 0.036932 0.020313
1  0.838068 0.698438 0.039773 0.021875
