0 0.116477 0.445312 0.051136 0.028125
0 0.125000 0.339062 0.073864 0.025000
0 0.309659 0.500000 0.056818 0.028125
0 0.163352 0.491406 0.053977 0.029687
0 0.211648 0.617969 0.065341 0.026562
0 0.610795 0.339844 0.056818 0.042188
0 0.848011 0.385937 0.053977 0.031250
0 0.938920 0.460156 0.065341 0.029687
0 0.548295 0.516406 0.056818 0.029687
0 0.673295 0.522656 0.056818 0.035937
0 0.903409 0.157812 0.062500 0.034375
0 0.714489 0.285156 0.065341 0.039062
0 0.842330 0.578125 0.059659 0.028125
0 0.625000 0.424219 0.062500 0.029687
