1 0.407670 0.350781 0.053977 0.023438
1 0.779830 0.382812 0.048295 0.031250
1 0.514205 0.356250 0.056818 0.028125
1 0.397727 0.237500 0.051136 0.031250
1 0.420455 0.288281 0.056818 0.029687
1 0.495739 0.267969 0.048295 0.026562
1 0.196023 0.289844 0.062500 0.032813
1 0.906250 0.332031 0.062500 0.032813
1 0.876420 0.357031 0.071023 0.029687
1 0.910511 0.309375 0.059659 0.025000
1 0.872159 0.315625 0.051136 0.028125
1 0.931818 0.392188 0.045455 0.028125
1 0.947443 0.471094 0.065341 0.032813
1 0.943182 0.518750 0.056818 0.021875
1 0.806818 0.489063 0.051136 0.034375
1 0.690341 0.580469 0.034091 0.020313
1 0.671875 0.584375 0.048295 0.025000
1 0.313920 0.564063 0.042614 0.021875
1 0.278409 0.630469 0.045455 0.020313
1 0.200284 0.389844 0.053977 0.026562
1 0.058239 0.577344 0.048295 0.020313
1 0.767045 0.289062 0.056818 0.025000
