0 0.080966 0.135156 0.053977 0.032813
0 0.153409 0.143750 0.051136 0.025000
0 0.223011 0.300781 0.053977 0.029687
0 0.098011 0.333594 0.036932 0.017188
0 0.137784 0.336719 0.031250 0.020313
0 0.056818 0.342969 0.028409 0.017188
0 0.056818 0.277344 0.051136 0.023438
0 0.622159 0.382031 0.039773 0.020313
0 0.799716 0.373437 0.036932 0.015625
0 0.840909 0.397656 0.045455 0.020313
0 0.809659 0.497656 0.056818 0.026562
0 0.666193 0.478906 0.048295 0.023438
0 0.772727 0.313281 0.039773 0.026562
0 0.647727 0.263281 0.045455 0.023438
0 0.696023 0.270313 0.039773 0.025000
0 0.771307 0.254688 0.036932 0.028125
0 0.098011 0.552344 0.042614 0.026562
0 0.090909 0.223438 0.039773 0.028125
