1  0.116477 0.482031 0.051136 0.032813
1  0.089489 0.490625 0.042614 0.021875
1  0.343750 0.584375 0.051136 0.034375
1  0.379261 0.604688 0.059659 0.034375
1  0.147727 0.711719 0.045455 0.023438
1  0.136364 0.674219 0.039773 0.020313
1  0.154830 0.512500 0.042614 0.025000
1  0.789773 0.542969 0.051136 0.035937
1  0.754261 0.557031 0.036932 0.032813
1  0.647727 0.575000 0.045455 0.025000
1  0.589489 0.627344 0.048295 0.029687
1  0.684659 0.408594 0.045455 0.023438
1  0.647727 0.335156 0.045455 0.032813
1  0.553977 0.351562 0.056818 0.025000
1  0.468750 0.364844 0.045455 0.023438
1  0.018466 0.345313 0.031250 0.031250
1  0.632102 0.444531 0.036932 0.023438
1  0.683239 0.485938 0.053977 0.034375
1  0.607955 0.464062 0.034091 0.025000
