1  0.289773 0.204687 0.056818 0.031250
1  0.062500 0.628906 0.062500 0.032813
1  0.045455 0.639062 0.051136 0.028125
1  0.044034 0.585156 0.036932 0.017188
1  0.697443 0.750781 0.031250 0.026562
1  0.745739 0.760938 0.031250 0.021875
1  0.694602 0.794531 0.042614 0.023438
1  0.782670 0.410156 0.042614 0.026562
1  0.755682 0.412500 0.051136 0.021875
1  0.823864 0.332031 0.051136 0.029687
1  0.551136 0.301563 0.034091 0.012500
1  0.382102 0.450000 0.048295 0.031250
1  0.312500 0.451562 0.045455 0.031250
1  0.355114 0.475000 0.045455 0.021875
1  0.302557 0.480469 0.036932 0.023438
1  0.160511 0.526563 0.048295 0.021875
1  0.159091 0.570312 0.051136 0.028125
1  0.186080 0.471875 0.048295 0.025000
1  0.136364 0.413281 0.039773 0.026562
1  0.276989 0.361719 0.042614 0.020313
1  0.343750 0.345313 0.045455 0.012500
