1  0.143466 0.328906 0.048295 0.026562
1  0.674716 0.257031 0.059659 0.026562
1  0.160511 0.417969 0.059659 0.029687
1  0.218750 0.409375 0.056818 0.021875
1  0.120739 0.445312 0.025568 0.015625
1  0.492898 0.708594 0.065341 0.035937
1  0.215909 0.548438 0.056818 0.034375
1  0.568182 0.597656 0.051136 0.023438
1  0.585227 0.639062 0.051136 0.028125
1  0.448864 0.838281 0.051136 0.020313
1  0.750000 0.509375 0.051136 0.028125
1  0.704545 0.514062 0.051136 0.025000
1  0.725852 0.539844 0.042614 0.026562
1  0.747159 0.401562 0.056818 0.037500
1  0.627841 0.362500 0.056818 0.028125
1  0.214489 0.678906 0.053977 0.026562
1  0.473011 0.450781 0.053977 0.020313
1  0.507102 0.474219 0.065341 0.020313
