1  0.487216 0.846094 0.059659 0.032813
1  0.532670 0.838281 0.048295 0.026562
1  0.656250 0.703125 0.051136 0.028125
1  0.299716 0.597656 0.059659 0.032813
1  0.275568 0.537500 0.039773 0.021875
1  0.113636 0.357812 0.051136 0.028125
1  0.045455 0.325000 0.051136 0.028125
1  0.051136 0.276562 0.034091 0.018750
1  0.181818 0.506250 0.028409 0.015625
1  0.105114 0.398438 0.039773 0.021875
1  0.248580 0.317969 0.059659 0.032813
1  0.477273 0.314063 0.056818 0.031250
1  0.669034 0.275781 0.071023 0.039062
1  0.917614 0.214062 0.051136 0.028125
1  0.911932 0.271875 0.039773 0.021875
1  0.711648 0.380469 0.065341 0.035937
1  0.629261 0.375781 0.053977 0.029687
1  0.767045 0.492188 0.045455 0.025000
1  0.757102 0.157031 0.031250 0.017188
1  0.768466 0.186719 0.019886 0.010937
