1 0.463068 0.198437 0.056818 0.031250
1 0.461648 0.320312 0.076705 0.037500
1 0.843750 0.356250 0.056818 0.031250
1 0.869318 0.467969 0.045455 0.020313
1 0.747159 0.568750 0.051136 0.025000
1 0.711648 0.572656 0.031250 0.026562
1 0.231534 0.492188 0.053977 0.025000
1 0.573864 0.330469 0.056818 0.029687
1 0.485795 0.257812 0.056818 0.040625
1 0.262784 0.252344 0.048295 0.023438
1 0.340909 0.557813 0.034091 0.018750
1 0.038352 0.575781 0.059659 0.023438
1 0.302557 0.628906 0.019886 0.014063
1 0.953125 0.281250 0.053977 0.028125
1 0.973011 0.322656 0.053977 0.032813
1 0.569602 0.234375 0.059659 0.031250
