0 0.107955 0.444531 0.056818 0.023438
0 0.153409 0.487500 0.056818 0.028125
0 0.201705 0.614062 0.068182 0.028125
0 0.289773 0.497656 0.062500 0.029687
0 0.892045 0.156250 0.062500 0.028125
0 0.696023 0.189062 0.062500 0.037500
0 0.596591 0.341406 0.062500 0.029687
0 0.836648 0.381250 0.053977 0.031250
0 0.931818 0.457813 0.073864 0.031250
0 0.659091 0.520312 0.056818 0.034375
0 0.541193 0.517969 0.076705 0.026562
0 0.115057 0.343750 0.059659 0.028125
0 0.701705 0.285156 0.068182 0.029687
0 0.623580 0.425000 0.059659 0.034375
