1 0.438920 0.198437 0.048295 0.021875
1 0.579545 0.224219 0.039773 0.029687
1 0.559659 0.257031 0.034091 0.023438
1 0.606534 0.251563 0.036932 0.021875
1 0.576705 0.330469 0.051136 0.032813
1 0.434659 0.327344 0.051136 0.023438
1 0.463068 0.377344 0.045455 0.026562
1 0.481534 0.425000 0.053977 0.031250
1 0.348011 0.506250 0.048295 0.025000
1 0.367898 0.526563 0.042614 0.021875
1 0.389205 0.547656 0.045455 0.020313
1 0.492898 0.607812 0.042614 0.025000
1 0.532670 0.621094 0.042614 0.026562
1 0.711648 0.653125 0.048295 0.018750
1 0.965909 0.531250 0.051136 0.021875
1 0.920455 0.467969 0.051136 0.026562
1 0.953125 0.350781 0.048295 0.023438
1 0.519886 0.381250 0.045455 0.028125
