0 0.208807 0.122656 0.048295 0.039062
0 0.437500 0.092188 0.062500 0.031250
0 0.784091 0.121875 0.056818 0.034375
0 0.928977 0.384375 0.056818 0.028125
0 0.438920 0.409375 0.065341 0.034375
0 0.079545 0.459375 0.051136 0.031250
0 0.110795 0.277344 0.056818 0.035937
0 0.215909 0.221094 0.090909 0.039062
0 0.656250 0.474219 0.056818 0.023438
0 0.377841 0.524219 0.051136 0.026562
0 0.224432 0.467187 0.045455 0.028125
0 0.399148 0.498437 0.059659 0.031250
0 0.428977 0.332813 0.056818 0.031250
0 0.687500 0.502344 0.045455 0.023438
