1 0.455966 0.214844 0.071023 0.042188
1 0.465909 0.267188 0.062500 0.040625
1 0.447443 0.333594 0.082386 0.035937
1 0.561080 0.342187 0.053977 0.034375
1 0.832386 0.373437 0.056818 0.040625
1 0.741477 0.578906 0.039773 0.023438
1 0.708807 0.582031 0.031250 0.029687
1 0.342330 0.567969 0.059659 0.023438
1 0.224432 0.502344 0.062500 0.029687
1 0.234375 0.385156 0.036932 0.026562
1 0.240057 0.270313 0.076705 0.025000
1 0.365057 0.240625 0.036932 0.025000
1 0.546875 0.246875 0.048295 0.025000
1 0.707386 0.253906 0.051136 0.029687
1 0.521307 0.210156 0.053977 0.020313
1 0.954545 0.337500 0.056818 0.028125
1 0.910511 0.221094 0.042614 0.020313
1 0.977273 0.314063 0.045455 0.025000
1 0.862216 0.480469 0.059659 0.026562
