1  0.188920 0.283594 0.059659 0.032813
1  0.181818 0.328125 0.062500 0.034375
1  0.252841 0.359375 0.051136 0.028125
1  0.261364 0.404687 0.056818 0.031250
1  0.389205 0.328125 0.062500 0.034375
1  0.321023 0.275000 0.051136 0.028125
1  0.592330 0.314844 0.042614 0.023438
1  0.384943 0.358594 0.048295 0.026562
1  0.401989 0.550781 0.059659 0.032813
1  0.434659 0.603125 0.045455 0.025000
1  0.634943 0.852344 0.042614 0.023438
1  0.670455 0.848437 0.045455 0.025000
1  0.798295 0.704688 0.039773 0.021875
1  0.799716 0.283594 0.053977 0.029687
1  0.947443 0.302344 0.036932 0.020313
1  0.894886 0.162500 0.051136 0.028125
1  0.899148 0.199219 0.042614 0.023438
1  0.892045 0.495312 0.045455 0.025000
