1 0.590909 0.356250 0.045455 0.028125
1 0.585227 0.377344 0.073864 0.026562
1 0.095170 0.261719 0.048295 0.029687
1 0.119318 0.374219 0.039773 0.032813
1 0.223011 0.379688 0.053977 0.025000
1 0.642045 0.489063 0.039773 0.031250
1 0.630682 0.421875 0.039773 0.028125
1 0.598011 0.335156 0.036932 0.020313
1 0.555398 0.335156 0.042614 0.017188
1 0.632102 0.535156 0.042614 0.023438
1 0.683239 0.520312 0.036932 0.025000
1 0.430398 0.599219 0.048295 0.026562
1 0.117898 0.307812 0.053977 0.025000
1 0.207386 0.292187 0.045455 0.025000
1 0.464489 0.309375 0.042614 0.015625
1 0.680398 0.439844 0.036932 0.023438
1 0.833807 0.605469 0.048295 0.023438
