1  0.407670 0.684375 0.036932 0.034375
1  0.167614 0.675781 0.028409 0.020313
1  0.397727 0.645312 0.034091 0.025000
1  0.667614 0.581250 0.051136 0.031250
1  0.636364 0.559375 0.045455 0.031250
1  0.447443 0.493750 0.036932 0.021875
1  0.414773 0.464062 0.039773 0.025000
1  0.392045 0.475781 0.039773 0.020313
1  0.276989 0.478125 0.042614 0.025000
1  0.328125 0.337500 0.053977 0.031250
1  0.228693 0.479687 0.059659 0.025000
1  0.227273 0.501563 0.062500 0.021875
1  0.264205 0.384375 0.028409 0.025000
1  0.740057 0.356250 0.048295 0.021875
1  0.765625 0.368750 0.019886 0.025000
1  0.823864 0.346094 0.056818 0.023438
1  0.903409 0.332031 0.039773 0.029687
1  0.909091 0.403125 0.045455 0.028125
1  0.876420 0.435156 0.042614 0.020313
1  0.914773 0.473438 0.056818 0.025000
1  0.906250 0.553906 0.039773 0.023438
1  0.839489 0.603125 0.042614 0.021875
1  0.954545 0.642188 0.051136 0.021875
1  0.967330 0.673438 0.036932 0.025000
