1  0.599432 0.310156 0.062500 0.020313
1  0.457386 0.237500 0.045455 0.021875
1  0.181818 0.392188 0.045455 0.025000
1  0.143466 0.536719 0.065341 0.026562
1  0.025568 0.531250 0.045455 0.028125
1  0.098011 0.687500 0.031250 0.034375
1  0.042614 0.669531 0.039773 0.023438
1  0.535511 0.451562 0.042614 0.031250
1  0.676136 0.435156 0.039773 0.029687
1  0.666193 0.399219 0.031250 0.029687
1  0.710227 0.462500 0.034091 0.021875
1  0.644886 0.444531 0.028409 0.023438
1  0.485795 0.450781 0.034091 0.023438
1  0.484375 0.474219 0.065341 0.017188
1  0.955966 0.550000 0.059659 0.028125
1  0.919034 0.528906 0.048295 0.035937
1  0.636364 0.658594 0.039773 0.029687
1  0.629261 0.619531 0.031250 0.020313
1  0.629261 0.560156 0.025568 0.017188
1  0.534091 0.353125 0.034091 0.025000
