1  0.333807 0.012500 0.042614 0.018750
1  0.303977 0.213281 0.062500 0.029687
1  0.323864 0.453906 0.045455 0.029687
1  0.392045 0.453906 0.045455 0.029687
1  0.367898 0.479687 0.025568 0.025000
1  0.325284 0.484375 0.036932 0.025000
1  0.196023 0.478906 0.045455 0.020313
1  0.166193 0.529687 0.048295 0.025000
1  0.171875 0.570312 0.031250 0.031250
1  0.052557 0.588281 0.025568 0.020313
1  0.759943 0.419531 0.025568 0.026562
1  0.792614 0.417969 0.028409 0.020313
1  0.565341 0.306250 0.028409 0.015625
1  0.842330 0.337500 0.053977 0.034375
1  0.286932 0.360938 0.045455 0.018750
1  0.110795 0.394531 0.039773 0.014063
1  0.529830 0.603125 0.025568 0.018750
1  0.707386 0.752344 0.034091 0.017188
1  0.754261 0.764844 0.036932 0.020313
1  0.708807 0.803906 0.036932 0.023438
1  0.072443 0.632031 0.059659 0.029687
1  0.044034 0.644531 0.036932 0.023438
