1 0.207386 0.375781 0.039773 0.023438
1 0.210227 0.356250 0.039773 0.018750
1 0.174716 0.357812 0.036932 0.015625
1 0.105114 0.339844 0.045455 0.020313
1 0.204545 0.400000 0.056818 0.025000
1 0.275568 0.437500 0.051136 0.034375
1 0.338068 0.457031 0.056818 0.026562
1 0.312500 0.466406 0.056818 0.026562
1 0.309659 0.529687 0.045455 0.021875
1 0.264205 0.550000 0.045455 0.025000
1 0.167614 0.542969 0.045455 0.020313
1 0.512784 0.614844 0.036932 0.023438
1 0.130682 0.614844 0.056818 0.023438
1 0.208807 0.521875 0.036932 0.018750
1 0.340909 0.343750 0.039773 0.021875
