1  0.071023 0.342187 0.056818 0.028125
1  0.204545 0.326562 0.056818 0.034375
1  0.210227 0.411719 0.062500 0.029687
1  0.281250 0.542969 0.056818 0.029687
1  0.551136 0.698438 0.079545 0.037500
1  0.274148 0.669531 0.053977 0.023438
1  0.629261 0.589063 0.048295 0.028125
1  0.637784 0.631250 0.048295 0.028125
1  0.808239 0.504687 0.048295 0.031250
1  0.735795 0.252344 0.062500 0.029687
1  0.681818 0.354687 0.056818 0.025000
1  0.798295 0.395313 0.068182 0.031250
1  0.764205 0.502344 0.051136 0.029687
1  0.772727 0.530469 0.051136 0.023438
1  0.180398 0.440625 0.042614 0.021875
1  0.279830 0.399219 0.048295 0.023438
1  0.526989 0.446875 0.031250 0.012500
