0 0.375000 0.653125 0.045455 0.025000
0 0.024148 0.610938 0.042614 0.021875
0 0.085227 0.488281 0.045455 0.020313
0 0.482955 0.410156 0.039773 0.026562
0 0.598011 0.386719 0.036932 0.023438
0 0.296875 0.479687 0.036932 0.021875
0 0.163352 0.249219 0.048295 0.026562
0 0.389205 0.361719 0.045455 0.026562
0 0.613636 0.214062 0.039773 0.028125
0 0.370739 0.121094 0.042614 0.026562
0 0.372159 0.082031 0.039773 0.020313
0 0.825284 0.281250 0.048295 0.021875
0 0.786932 0.295312 0.034091 0.021875
0 0.446023 0.555469 0.028409 0.014063
