1  0.159091 0.571094 0.051136 0.032813
1  0.191761 0.428906 0.053977 0.026562
1  0.117898 0.436719 0.071023 0.029687
1  0.440341 0.732031 0.068182 0.035937
1  0.411932 0.859375 0.045455 0.021875
1  0.400568 0.685156 0.039773 0.023438
1  0.169034 0.696094 0.053977 0.029687
1  0.521307 0.622656 0.048295 0.029687
1  0.536932 0.664062 0.051136 0.034375
1  0.723011 0.532813 0.048295 0.031250
1  0.666193 0.535937 0.059659 0.025000
1  0.696023 0.560937 0.039773 0.028125
1  0.705966 0.427344 0.048295 0.032813
1  0.643466 0.282031 0.053977 0.032813
1  0.433239 0.476562 0.059659 0.021875
1  0.470170 0.500000 0.065341 0.015625
