0 0.201705 0.100000 0.039773 0.025000
0 0.279830 0.109375 0.048295 0.028125
0 0.220170 0.191406 0.048295 0.032813
0 0.223011 0.300781 0.031250 0.023438
0 0.176136 0.317969 0.045455 0.026562
0 0.259943 0.307031 0.031250 0.023438
0 0.356534 0.269531 0.048295 0.029687
0 0.768466 0.233594 0.042614 0.020313
0 0.731534 0.353125 0.036932 0.018750
0 0.975852 0.369531 0.048295 0.029687
0 0.779830 0.450781 0.042614 0.023438
0 0.906250 0.286719 0.034091 0.023438
0 0.893466 0.224219 0.048295 0.026562
0 0.218750 0.525781 0.056818 0.029687
0 0.167614 0.243750 0.056818 0.025000
0 0.812500 0.240625 0.039773 0.021875
0 0.068182 0.440625 0.039773 0.021875
