1  0.562500 0.267188 0.068182 0.037500
1  0.281250 0.320312 0.056818 0.031250
1  0.562500 0.317188 0.045455 0.025000
1  0.926136 0.328125 0.034091 0.018750
1  0.884943 0.325781 0.031250 0.017188
1  0.906250 0.348438 0.034091 0.018750
1  0.670455 0.420312 0.045455 0.025000
1  0.551136 0.570312 0.045455 0.025000
1  0.950284 0.513281 0.048295 0.026562
1  0.954545 0.550000 0.056818 0.031250
1  0.958807 0.649219 0.053977 0.029687
1  0.269886 0.742188 0.051136 0.028125
1  0.083807 0.889844 0.048295 0.026562
1  0.133523 0.878125 0.045455 0.025000
1  0.089489 0.344531 0.042614 0.023438
1  0.232955 0.407813 0.056818 0.031250
1  0.228693 0.436719 0.042614 0.023438
1  0.295455 0.426563 0.034091 0.018750
1  0.382102 0.536719 0.048295 0.026562
