1 0.565341 0.176563 0.068182 0.037500
1 0.565341 0.301563 0.045455 0.031250
1 0.667614 0.309375 0.045455 0.034375
1 0.927557 0.333594 0.065341 0.035937
1 0.319602 0.474219 0.071023 0.029687
1 0.098011 0.561719 0.048295 0.029687
1 0.041193 0.401562 0.059659 0.031250
1 0.801136 0.549219 0.034091 0.020313
1 0.826705 0.543750 0.045455 0.031250
1 0.375000 0.225781 0.068182 0.035937
1 0.590909 0.235937 0.056818 0.037500
1 0.424716 0.539062 0.036932 0.028125
1 0.298295 0.350000 0.045455 0.021875
1 0.360795 0.610156 0.062500 0.029687
1 0.386364 0.607031 0.039773 0.026562
1 0.953125 0.447656 0.036932 0.020313
1 0.892045 0.465625 0.045455 0.021875
1 0.632102 0.164844 0.042614 0.029687
