1  0.389205 0.025781 0.051136 0.023438
1  0.355114 0.218750 0.051136 0.034375
1  0.115057 0.639062 0.065341 0.031250
1  0.823864 0.425000 0.056818 0.034375
1  0.887784 0.350781 0.059659 0.039062
1  0.437500 0.463281 0.045455 0.029687
1  0.373580 0.462500 0.042614 0.028125
1  0.367898 0.490625 0.031250 0.028125
1  0.404830 0.489844 0.036932 0.023438
1  0.240057 0.488281 0.042614 0.020313
1  0.217330 0.539844 0.042614 0.023438
1  0.096591 0.596094 0.039773 0.017188
1  0.220170 0.583594 0.042614 0.032813
1  0.742898 0.814844 0.042614 0.023438
1  0.750000 0.762500 0.039773 0.021875
1  0.795455 0.775781 0.034091 0.017188
1  0.164773 0.762500 0.039773 0.018750
1  0.157670 0.402344 0.036932 0.014063
1  0.325284 0.372656 0.042614 0.017188
1  0.397727 0.360938 0.051136 0.009375
1  0.465909 0.375000 0.039773 0.018750
1  0.599432 0.315625 0.028409 0.015625
