1 0.460227 0.383594 0.051136 0.023438
1 0.454545 0.407813 0.062500 0.028125
1 0.467330 0.364063 0.042614 0.018750
1 0.426136 0.363281 0.039773 0.017188
1 0.136364 0.415625 0.039773 0.021875
1 0.024148 0.408594 0.042614 0.020313
1 0.509943 0.559375 0.053977 0.031250
1 0.552557 0.540625 0.036932 0.021875
1 0.517045 0.448437 0.051136 0.025000
1 0.552557 0.475000 0.042614 0.021875
1 0.580966 0.465625 0.036932 0.021875
1 0.443182 0.531250 0.039773 0.025000
1 0.343750 0.621094 0.045455 0.020313
1 0.744318 0.625781 0.045455 0.023438
1 0.348011 0.343750 0.053977 0.021875
1 0.109375 0.330469 0.048295 0.023438
