0 0.390625 0.663281 0.042614 0.023438
0 0.038352 0.622656 0.036932 0.020313
0 0.100852 0.500000 0.042614 0.021875
0 0.309659 0.489063 0.039773 0.021875
0 0.404830 0.370312 0.042614 0.025000
0 0.497159 0.419531 0.045455 0.023438
0 0.609375 0.396094 0.036932 0.020313
0 0.180398 0.260156 0.048295 0.026562
0 0.383523 0.132031 0.045455 0.026562
0 0.383523 0.092969 0.039773 0.020313
0 0.627841 0.225000 0.039773 0.025000
0 0.796875 0.303125 0.036932 0.025000
0 0.838068 0.289844 0.051136 0.020313
0 0.457386 0.564063 0.028409 0.015625
