1 0.362216 0.186719 0.059659 0.029687
1 0.509943 0.202344 0.053977 0.026562
1 0.484375 0.241406 0.048295 0.026562
1 0.534091 0.235937 0.045455 0.031250
1 0.538352 0.272656 0.036932 0.026562
1 0.501420 0.312500 0.048295 0.034375
1 0.427557 0.322656 0.031250 0.020313
1 0.360795 0.308594 0.039773 0.029687
1 0.386364 0.363281 0.051136 0.026562
1 0.444602 0.363281 0.042614 0.023438
1 0.410511 0.410938 0.059659 0.028125
1 0.279830 0.500000 0.053977 0.025000
1 0.306818 0.521094 0.039773 0.020313
1 0.325284 0.542188 0.036932 0.021875
1 0.424716 0.600781 0.042614 0.032813
1 0.471591 0.617188 0.045455 0.028125
1 0.916193 0.514062 0.053977 0.021875
1 0.867898 0.453906 0.053977 0.026562
1 0.839489 0.577344 0.059659 0.026562
