1  0.961648 0.271094 0.048295 0.026562
1  0.542614 0.310937 0.056818 0.031250
1  0.330966 0.317969 0.059659 0.032813
1  0.397727 0.351562 0.062500 0.034375
1  0.424716 0.389844 0.053977 0.029687
1  0.759943 0.832031 0.048295 0.026562
1  0.803977 0.825000 0.051136 0.028125
1  0.933239 0.686719 0.048295 0.026562
1  0.579545 0.589063 0.056818 0.031250
1  0.555398 0.533594 0.048295 0.026562
1  0.532670 0.347656 0.048295 0.026562
1  0.740057 0.300781 0.048295 0.026562
1  0.329545 0.273438 0.056818 0.031250
1  0.468750 0.267188 0.045455 0.025000
1  0.475852 0.392969 0.048295 0.026562
