0 0.112216 0.117969 0.053977 0.023438
0 0.187500 0.126562 0.045455 0.028125
0 0.255682 0.287500 0.056818 0.028125
0 0.198864 0.296094 0.045455 0.026562
0 0.132102 0.321094 0.042614 0.017188
0 0.169034 0.321875 0.042614 0.021875
0 0.150568 0.342969 0.045455 0.014063
0 0.092330 0.333594 0.031250 0.023438
0 0.819602 0.303906 0.053977 0.026562
0 0.835227 0.359375 0.039773 0.015625
0 0.882102 0.385937 0.048295 0.028125
0 0.646307 0.371094 0.031250 0.017188
0 0.680398 0.251563 0.048295 0.028125
0 0.727273 0.258594 0.028409 0.023438
0 0.697443 0.469531 0.042614 0.032813
0 0.842330 0.485156 0.042614 0.026562
0 0.127841 0.542188 0.039773 0.025000
0 0.805398 0.240625 0.036932 0.025000
