1 0.217330 0.492969 0.065341 0.032813
1 0.461648 0.327344 0.059659 0.029687
1 0.563920 0.331250 0.059659 0.034375
1 0.454545 0.206250 0.062500 0.034375
1 0.473011 0.258594 0.065341 0.045312
1 0.849432 0.364063 0.056818 0.034375
1 0.740057 0.574219 0.053977 0.023438
1 0.708807 0.577344 0.036932 0.023438
1 0.974432 0.330469 0.051136 0.035937
1 0.924716 0.218750 0.053977 0.028125
1 0.556818 0.239063 0.062500 0.025000
1 0.247159 0.253906 0.062500 0.032813
1 0.332386 0.562500 0.045455 0.025000
1 0.044034 0.573438 0.053977 0.018750
1 0.714489 0.239063 0.048295 0.028125
1 0.855114 0.475000 0.051136 0.025000
1 0.808239 0.499219 0.065341 0.029687
