1  0.546875 0.852344 0.053977 0.029687
1  0.596591 0.843750 0.051136 0.028125
1  0.731534 0.705469 0.053977 0.029687
1  0.356534 0.603906 0.048295 0.026562
1  0.366477 0.562500 0.022727 0.012500
1  0.330966 0.542969 0.048295 0.026562
1  0.176136 0.359375 0.056818 0.031250
1  0.116477 0.326562 0.051136 0.028125
1  0.119318 0.281250 0.051136 0.028125
1  0.181818 0.398438 0.045455 0.025000
1  0.238636 0.398438 0.045455 0.025000
1  0.521307 0.311719 0.042614 0.023438
1  0.744318 0.281250 0.051136 0.028125
1  0.833807 0.158594 0.048295 0.026562
1  0.839489 0.192969 0.042614 0.023438
1  0.688920 0.378906 0.053977 0.029687
1  0.772727 0.379688 0.056818 0.031250
1  0.835227 0.507812 0.034091 0.018750
1  0.799716 0.513281 0.042614 0.023438
1  0.977273 0.264062 0.045455 0.025000
1  0.977273 0.217188 0.045455 0.025000
1  0.308239 0.350781 0.036932 0.020313
1  0.313920 0.319531 0.036932 0.020313
