1  0.309659 0.575781 0.056818 0.035937
1  0.345170 0.597656 0.053977 0.032813
1  0.112216 0.667188 0.053977 0.025000
1  0.126420 0.707031 0.036932 0.026562
1  0.053977 0.484375 0.045455 0.025000
1  0.085227 0.470313 0.045455 0.028125
1  0.110795 0.429688 0.051136 0.034375
1  0.447443 0.357031 0.059659 0.023438
1  0.526989 0.342969 0.053977 0.026562
1  0.626420 0.322656 0.048295 0.026562
1  0.759943 0.532031 0.053977 0.035937
1  0.730114 0.547656 0.034091 0.029687
1  0.714489 0.691406 0.042614 0.029687
1  0.710227 0.738281 0.051136 0.026562
1  0.697443 0.662500 0.042614 0.025000
1  0.623580 0.570312 0.042614 0.025000
1  0.563920 0.619531 0.042614 0.023438
1  0.666193 0.394531 0.042614 0.032813
1  0.636364 0.405469 0.034091 0.032813
1  0.610795 0.434375 0.039773 0.028125
1  0.588068 0.457031 0.051136 0.023438
1  0.125000 0.506250 0.039773 0.025000
1  0.205966 0.464062 0.053977 0.025000
1  0.657670 0.475000 0.048295 0.031250
1  0.917614 0.278906 0.028409 0.014063
1  0.220170 0.282813 0.019886 0.018750
