1 0.262784 0.375781 0.048295 0.023438
1 0.264205 0.357031 0.039773 0.017188
1 0.258523 0.399219 0.056818 0.026562
1 0.230114 0.359375 0.039773 0.018750
1 0.157670 0.341406 0.042614 0.023438
1 0.325284 0.435937 0.053977 0.034375
1 0.365057 0.471094 0.042614 0.026562
1 0.316761 0.551562 0.048295 0.028125
1 0.360795 0.532031 0.045455 0.020313
1 0.215909 0.542188 0.045455 0.012500
1 0.254261 0.527344 0.053977 0.020313
1 0.384943 0.342969 0.036932 0.020313
1 0.159091 0.614062 0.039773 0.021875
1 0.562500 0.617188 0.045455 0.025000
