0 0.509943 0.253906 0.048295 0.029687
0 0.384943 0.287500 0.036932 0.021875
0 0.338068 0.303125 0.045455 0.021875
0 0.436080 0.093750 0.048295 0.025000
0 0.355114 0.082812 0.062500 0.025000
0 0.781250 0.225000 0.039773 0.031250
0 0.916193 0.210938 0.036932 0.021875
0 0.958807 0.218750 0.036932 0.025000
0 0.832386 0.246875 0.034091 0.025000
0 0.370739 0.507812 0.048295 0.021875
0 0.221591 0.428125 0.039773 0.028125
0 0.166193 0.357812 0.036932 0.018750
0 0.919034 0.431250 0.042614 0.031250
0 0.873580 0.332813 0.042614 0.025000
