1 0.052557 0.353906 0.031250 0.017188
1 0.083807 0.355469 0.042614 0.020313
1 0.079545 0.375000 0.045455 0.025000
1 0.066761 0.393750 0.059659 0.021875
1 0.151989 0.435937 0.048295 0.031250
1 0.225852 0.456250 0.042614 0.028125
1 0.198864 0.465625 0.045455 0.025000
1 0.191761 0.528906 0.042614 0.023438
1 0.188920 0.514062 0.053977 0.025000
1 0.136364 0.548438 0.039773 0.021875
1 0.049716 0.538281 0.036932 0.020313
1 0.058239 0.560937 0.048295 0.018750
1 0.093750 0.525000 0.034091 0.018750
1 0.218750 0.338281 0.039773 0.020313
1 0.399148 0.607031 0.042614 0.023438
