1 0.396307 0.406250 0.053977 0.021875
1 0.399148 0.383594 0.053977 0.023438
1 0.400568 0.364063 0.045455 0.018750
1 0.046875 0.329688 0.042614 0.018750
1 0.066761 0.410156 0.042614 0.026562
1 0.460227 0.446094 0.056818 0.026562
1 0.494318 0.475781 0.039773 0.020313
1 0.526989 0.464062 0.059659 0.025000
1 0.444602 0.557813 0.042614 0.025000
1 0.490057 0.539844 0.048295 0.023438
1 0.382102 0.531250 0.042614 0.018750
1 0.686080 0.622656 0.036932 0.026562
1 0.291193 0.621875 0.059659 0.028125
1 0.336648 0.553906 0.042614 0.023438
1 0.284091 0.343750 0.045455 0.018750
1 0.532670 0.353125 0.053977 0.025000
