1  0.066761 0.233594 0.065341 0.035937
1  0.086648 0.286719 0.048295 0.026562
1  0.098011 0.533594 0.048295 0.026562
1  0.495739 0.616406 0.042614 0.023438
1  0.367898 0.635156 0.042614 0.023438
1  0.431818 0.292187 0.034091 0.018750
1  0.465909 0.295312 0.045455 0.025000
1  0.468750 0.315625 0.028409 0.015625
1  0.623580 0.364844 0.042614 0.023438
1  0.588068 0.378125 0.039773 0.021875
1  0.488636 0.479687 0.045455 0.025000
1  0.490057 0.511719 0.048295 0.026562
1  0.815341 0.342187 0.028409 0.015625
1  0.677557 0.361719 0.036932 0.020313
1  0.551136 0.462500 0.034091 0.018750
1  0.396307 0.525781 0.036932 0.020313
