1 0.332386 0.172656 0.045455 0.026562
1 0.477273 0.193750 0.039773 0.025000
1 0.464489 0.225781 0.036932 0.023438
1 0.511364 0.231250 0.034091 0.025000
1 0.505682 0.264062 0.051136 0.028125
1 0.478693 0.307812 0.059659 0.031250
1 0.420455 0.357812 0.039773 0.018750
1 0.367898 0.359375 0.042614 0.031250
1 0.332386 0.305469 0.039773 0.017188
1 0.384943 0.408594 0.059659 0.032813
1 0.247159 0.496094 0.051136 0.023438
1 0.271307 0.518750 0.053977 0.025000
1 0.301136 0.541406 0.039773 0.026562
1 0.451705 0.612500 0.045455 0.025000
1 0.416193 0.600000 0.036932 0.025000
1 0.639205 0.642188 0.028409 0.021875
1 0.842330 0.446875 0.059659 0.025000
1 0.886364 0.325781 0.045455 0.026562
1 0.843750 0.325781 0.039773 0.020313
1 0.808239 0.329688 0.042614 0.018750
1 0.896307 0.510938 0.042614 0.018750
1 0.553977 0.523438 0.045455 0.018750
1 0.836648 0.575000 0.048295 0.025000
