1 0.325284 0.379688 0.048295 0.021875
1 0.313920 0.401562 0.042614 0.015625
1 0.390625 0.442188 0.059659 0.034375
1 0.321023 0.527344 0.045455 0.023438
1 0.272727 0.545312 0.034091 0.018750
1 0.373580 0.557031 0.048295 0.029687
1 0.424716 0.537500 0.053977 0.025000
1 0.426136 0.472656 0.039773 0.029687
1 0.455966 0.461719 0.042614 0.029687
1 0.333807 0.357031 0.036932 0.017188
1 0.295455 0.359375 0.034091 0.018750
1 0.217330 0.342969 0.042614 0.020313
1 0.446023 0.347656 0.045455 0.023438
1 0.218750 0.615625 0.034091 0.018750
