0 0.171875 0.138281 0.048295 0.029687
0 0.092330 0.129688 0.048295 0.028125
0 0.056818 0.274219 0.051136 0.023438
0 0.235795 0.296094 0.051136 0.026562
0 0.113636 0.328906 0.034091 0.014063
0 0.151989 0.332031 0.031250 0.029687
0 0.075284 0.340625 0.031250 0.021875
0 0.129261 0.357031 0.036932 0.026562
0 0.850852 0.395313 0.053977 0.028125
0 0.828125 0.494531 0.053977 0.023438
0 0.683239 0.479687 0.065341 0.031250
0 0.634943 0.383594 0.036932 0.020313
0 0.785511 0.310156 0.042614 0.026562
0 0.669034 0.264844 0.042614 0.026562
0 0.705966 0.267969 0.036932 0.023438
0 0.784091 0.248438 0.034091 0.025000
0 0.626420 0.413281 0.042614 0.017188
0 0.110795 0.553125 0.051136 0.031250
