1  0.329545 0.792188 0.039773 0.021875
1  0.414773 0.793750 0.039773 0.018750
1  0.387784 0.670312 0.065341 0.037500
1  0.188920 0.628906 0.042614 0.020313
1  0.146307 0.510156 0.048295 0.035937
1  0.021307 0.326562 0.036932 0.021875
1  0.160511 0.311719 0.036932 0.020313
1  0.075284 0.332813 0.042614 0.025000
1  0.370739 0.625781 0.031250 0.020313
1  0.484375 0.572656 0.042614 0.023438
1  0.491477 0.614062 0.034091 0.031250
1  0.705966 0.502344 0.053977 0.029687
1  0.646307 0.499219 0.048295 0.029687
1  0.636364 0.525781 0.034091 0.029687
1  0.678977 0.522656 0.039773 0.023438
1  0.636364 0.253125 0.062500 0.028125
1  0.242898 0.386719 0.042614 0.023438
1  0.176136 0.388281 0.051136 0.026562
1  0.431818 0.432812 0.034091 0.015625
1  0.683239 0.059375 0.042614 0.025000
1  0.515625 0.522656 0.036932 0.014063
1  0.419034 0.478906 0.031250 0.014063
1  0.853693 0.342187 0.019886 0.018750
1  0.683239 0.395313 0.048295 0.012500
