1 0.453125 0.209375 0.053977 0.034375
1 0.461648 0.332031 0.053977 0.039062
1 0.566761 0.342969 0.042614 0.032813
1 0.477273 0.267188 0.056818 0.034375
1 0.553977 0.242969 0.062500 0.029687
1 0.241477 0.260937 0.051136 0.025000
1 0.230114 0.503125 0.056818 0.037500
1 0.336648 0.564844 0.065341 0.026562
1 0.044034 0.574219 0.036932 0.023438
1 0.299716 0.632031 0.048295 0.026562
1 0.748580 0.578125 0.048295 0.021875
1 0.710227 0.579688 0.034091 0.025000
1 0.842330 0.370312 0.059659 0.037500
1 0.968750 0.336719 0.062500 0.029687
1 0.829545 0.267188 0.051136 0.021875
1 0.710227 0.245312 0.062500 0.031250
1 0.860795 0.478906 0.045455 0.020313
1 0.798295 0.499219 0.068182 0.020313
1 0.825284 0.521875 0.065341 0.028125
1 0.230114 0.376563 0.045455 0.025000
