1  0.076705 0.423438 0.039773 0.025000
1  0.119318 0.416406 0.051136 0.029687
1  0.340909 0.382812 0.039773 0.025000
1  0.647727 0.471094 0.034091 0.023438
1  0.694602 0.447656 0.048295 0.026562
1  0.806818 0.444531 0.034091 0.020313
1  0.838068 0.432812 0.051136 0.021875
1  0.866477 0.464844 0.051136 0.020313
1  0.822443 0.397656 0.031250 0.032813
1  0.769886 0.400000 0.028409 0.031250
1  0.752841 0.300781 0.056818 0.029687
1  0.633523 0.232813 0.062500 0.018750
1  0.762784 0.654687 0.042614 0.021875
1  0.758523 0.614844 0.039773 0.020313
1  0.774148 0.553125 0.036932 0.012500
1  0.281250 0.525000 0.051136 0.025000
1  0.245739 0.668750 0.036932 0.025000
1  0.178977 0.515625 0.039773 0.025000
1  0.093750 0.700000 0.039773 0.018750
1  0.693182 0.347656 0.028409 0.026562
