1  0.066761 0.882031 0.053977 0.029687
1  0.126420 0.874219 0.059659 0.032813
1  0.248580 0.730469 0.048295 0.026562
1  0.267045 0.296875 0.062500 0.034375
1  0.528409 0.239063 0.056818 0.031250
1  0.531250 0.296875 0.051136 0.028125
1  0.056818 0.323437 0.045455 0.025000
1  0.218750 0.389062 0.051136 0.028125
1  0.323864 0.398438 0.056818 0.031250
1  0.217330 0.414844 0.036932 0.020313
1  0.657670 0.405469 0.048295 0.026562
1  0.893466 0.310156 0.053977 0.029687
1  0.906250 0.484375 0.056818 0.031250
1  0.910511 0.519531 0.059659 0.032813
1  0.924716 0.622656 0.053977 0.029687
1  0.370739 0.525781 0.059659 0.032813
1  0.531250 0.553125 0.039773 0.021875
1  0.159091 0.368750 0.039773 0.021875
