1  0.298295 0.310937 0.039773 0.021875
1  0.338068 0.309375 0.039773 0.021875
1  0.446023 0.389062 0.039773 0.021875
1  0.475852 0.383594 0.042614 0.023438
1  0.349432 0.529687 0.051136 0.028125
1  0.359375 0.630469 0.048295 0.026562
1  0.241477 0.651563 0.056818 0.031250
1  0.676136 0.362500 0.045455 0.025000
1  0.461648 0.525781 0.053977 0.029687
1  0.416193 0.474219 0.036932 0.020313
1  0.343750 0.495312 0.039773 0.021875
1  0.258523 0.540625 0.045455 0.025000
1  0.955966 0.199219 0.048295 0.026562
