1 0.498580 0.209375 0.048295 0.021875
1 0.632102 0.230469 0.042614 0.023438
1 0.615057 0.261719 0.042614 0.023438
1 0.616477 0.331250 0.051136 0.025000
1 0.494318 0.329688 0.045455 0.018750
1 0.514205 0.379688 0.056818 0.031250
1 0.532670 0.429688 0.065341 0.028125
1 0.403409 0.511719 0.039773 0.023438
1 0.419034 0.529687 0.042614 0.025000
1 0.448864 0.548438 0.045455 0.021875
1 0.539773 0.607812 0.034091 0.018750
1 0.580966 0.622656 0.036932 0.032813
1 0.569602 0.381250 0.048295 0.025000
1 0.964489 0.470313 0.053977 0.021875
