1 0.223011 0.255469 0.059659 0.032813
1 0.318182 0.281250 0.045455 0.025000
1 0.224432 0.362500 0.062500 0.028125
1 0.329545 0.369531 0.051136 0.023438
1 0.237216 0.303906 0.042614 0.029687
1 0.708807 0.344531 0.036932 0.020313
1 0.711648 0.321875 0.042614 0.021875
1 0.696023 0.366406 0.045455 0.023438
1 0.744318 0.408594 0.051136 0.023438
1 0.751420 0.478906 0.048295 0.026562
1 0.742898 0.528906 0.048295 0.020313
1 0.798295 0.511719 0.045455 0.020313
1 0.529830 0.592187 0.042614 0.018750
1 0.599432 0.536719 0.051136 0.029687
1 0.934659 0.599219 0.056818 0.026562
