0 0.335227 0.292187 0.034091 0.018750
0 0.292614 0.301563 0.039773 0.021875
0 0.461648 0.258594 0.042614 0.026562
0 0.308239 0.085938 0.053977 0.025000
0 0.392045 0.096875 0.051136 0.034375
0 0.867898 0.215625 0.048295 0.028125
0 0.829545 0.338281 0.034091 0.020313
0 0.875000 0.435937 0.039773 0.028125
0 0.326705 0.512500 0.056818 0.028125
0 0.171875 0.428906 0.036932 0.023438
0 0.329545 0.177344 0.051136 0.029687
0 0.728693 0.232031 0.036932 0.032813
0 0.782670 0.252344 0.042614 0.029687
0 0.139205 0.449219 0.034091 0.020313
