1 0.038352 0.301563 0.059659 0.021875
1 0.051136 0.403906 0.056818 0.032813
1 0.164773 0.410938 0.045455 0.025000
1 0.134943 0.331250 0.048295 0.028125
1 0.465909 0.362500 0.028409 0.012500
1 0.498580 0.362500 0.036932 0.025000
1 0.498580 0.378125 0.053977 0.031250
1 0.494318 0.399219 0.056818 0.029687
1 0.555398 0.443750 0.042614 0.025000
1 0.549716 0.554688 0.048295 0.021875
1 0.602273 0.542188 0.039773 0.021875
1 0.380682 0.621094 0.045455 0.023438
1 0.784091 0.620313 0.051136 0.031250
1 0.478693 0.532031 0.048295 0.017188
1 0.426136 0.550781 0.034091 0.017188
1 0.590909 0.473438 0.039773 0.021875
1 0.622159 0.466406 0.045455 0.029687
