1  0.421875 0.622656 0.048295 0.026562
1  0.419034 0.521094 0.036932 0.020313
1  0.420455 0.489063 0.039773 0.021875
1  0.515625 0.383594 0.048295 0.026562
1  0.545455 0.371875 0.045455 0.025000
1  0.363636 0.301563 0.034091 0.018750
1  0.400568 0.300000 0.039773 0.021875
1  0.394886 0.321875 0.028409 0.015625
1  0.741477 0.348438 0.045455 0.025000
1  0.616477 0.368750 0.045455 0.025000
1  0.470170 0.466406 0.042614 0.023438
1  0.514205 0.514062 0.051136 0.028125
1  0.021307 0.550000 0.036932 0.021875
