1  0.433239 0.317969 0.059659 0.032813
1  0.866477 0.336719 0.062500 0.029687
1  0.028409 0.410938 0.051136 0.018750
1  0.382102 0.464844 0.042614 0.026562
1  0.340909 0.466406 0.034091 0.023438
1  0.335227 0.492188 0.051136 0.012500
1  0.764205 0.546875 0.039773 0.028125
1  0.803977 0.566406 0.056818 0.029687
1  0.505682 0.636719 0.045455 0.020313
1  0.515625 0.674219 0.042614 0.023438
1  0.296875 0.668750 0.031250 0.025000
1  0.498580 0.464062 0.036932 0.021875
1  0.526989 0.447656 0.036932 0.026562
1  0.561080 0.480469 0.042614 0.017188
1  0.370739 0.369531 0.031250 0.026562
1  0.948864 0.320312 0.056818 0.025000
1  0.522727 0.413281 0.028409 0.026562
1  0.296875 0.246875 0.019886 0.021875
1  0.042614 0.316406 0.022727 0.014063
1  0.296875 0.513281 0.042614 0.017188
