1 0.058239 0.328125 0.053977 0.037500
1 0.044034 0.210938 0.048295 0.028125
1 0.042614 0.248438 0.062500 0.025000
1 0.022727 0.386719 0.039773 0.026562
1 0.181818 0.389844 0.062500 0.035937
1 0.048295 0.537500 0.051136 0.028125
1 0.066761 0.650781 0.059659 0.032813
1 0.034091 0.640625 0.056818 0.028125
1 0.531250 0.224219 0.051136 0.035937
1 0.461648 0.464062 0.053977 0.031250
1 0.230114 0.552344 0.051136 0.029687
1 0.556818 0.528125 0.045455 0.031250
1 0.811080 0.303906 0.048295 0.029687
1 0.721591 0.227344 0.056818 0.035937
1 0.919034 0.539844 0.042614 0.026562
1 0.953125 0.537500 0.042614 0.031250
1 0.102273 0.284375 0.056818 0.031250
