1 0.386364 0.352344 0.051136 0.032813
1 0.484375 0.359375 0.053977 0.021875
1 0.367898 0.241406 0.048295 0.032813
1 0.383523 0.289844 0.051136 0.032813
1 0.901989 0.517188 0.048295 0.028125
1 0.947443 0.504687 0.036932 0.025000
1 0.901989 0.472656 0.053977 0.029687
1 0.894886 0.400781 0.045455 0.035937
1 0.866477 0.334375 0.045455 0.025000
1 0.849432 0.359375 0.056818 0.025000
1 0.747159 0.385156 0.056818 0.035937
1 0.673295 0.582812 0.051136 0.025000
1 0.640625 0.585156 0.048295 0.023438
1 0.251420 0.628906 0.036932 0.026562
1 0.474432 0.268750 0.034091 0.018750
1 0.051136 0.596875 0.051136 0.021875
