1 0.055398 0.334375 0.048295 0.021875
1 0.133523 0.353125 0.034091 0.018750
1 0.164773 0.355469 0.039773 0.020313
1 0.161932 0.372656 0.045455 0.023438
1 0.161932 0.395313 0.051136 0.028125
1 0.230114 0.432812 0.051136 0.025000
1 0.302557 0.454688 0.048295 0.025000
1 0.274148 0.465625 0.042614 0.028125
1 0.268466 0.527344 0.048295 0.020313
1 0.211648 0.546094 0.059659 0.023438
1 0.132102 0.541406 0.048295 0.020313
1 0.173295 0.525781 0.056818 0.017188
1 0.078125 0.616406 0.048295 0.023438
1 0.457386 0.601562 0.051136 0.021875
1 0.295455 0.339844 0.039773 0.020313
