1 0.562500 0.214062 0.039773 0.021875
1 0.694602 0.235156 0.036932 0.023438
1 0.677557 0.267188 0.036932 0.025000
1 0.677557 0.335938 0.048295 0.031250
1 0.555398 0.338281 0.042614 0.023438
1 0.580966 0.385156 0.042614 0.029687
1 0.632102 0.385156 0.042614 0.026562
1 0.590909 0.430469 0.039773 0.029687
1 0.461648 0.510156 0.042614 0.026562
1 0.478693 0.528125 0.042614 0.028125
1 0.497159 0.547656 0.039773 0.026562
1 0.596591 0.611719 0.034091 0.023438
1 0.633523 0.622656 0.034091 0.026562
1 0.811080 0.660156 0.031250 0.014063
1 0.718750 0.540625 0.045455 0.015625
