1 0.497159 0.350781 0.034091 0.017188
1 0.534091 0.345313 0.039773 0.021875
1 0.532670 0.367188 0.042614 0.025000
1 0.519886 0.389062 0.056818 0.025000
1 0.583807 0.432031 0.059659 0.029687
1 0.053977 0.386719 0.051136 0.020313
1 0.036932 0.277344 0.056818 0.032813
1 0.580966 0.547656 0.042614 0.026562
1 0.626420 0.527344 0.036932 0.020313
1 0.372159 0.613281 0.051136 0.026562
1 0.788352 0.614844 0.036932 0.023438
1 0.627841 0.455469 0.045455 0.020313
1 0.403409 0.326562 0.051136 0.021875
1 0.169034 0.391406 0.036932 0.017188
1 0.149148 0.307031 0.036932 0.020313
1 0.639205 0.346875 0.045455 0.025000
