1 0.196023 0.180469 0.045455 0.029687
1 0.349432 0.201563 0.045455 0.034375
1 0.339489 0.238281 0.042614 0.023438
1 0.392045 0.271094 0.051136 0.029687
1 0.352273 0.314063 0.051136 0.028125
1 0.194602 0.314844 0.042614 0.023438
1 0.265625 0.324219 0.048295 0.026562
1 0.230114 0.367969 0.045455 0.032813
1 0.257102 0.420312 0.053977 0.028125
1 0.302557 0.367969 0.031250 0.020313
1 0.163352 0.374219 0.059659 0.026562
1 0.139205 0.510156 0.051136 0.020313
1 0.166193 0.532031 0.048295 0.023438
1 0.190341 0.554688 0.034091 0.021875
1 0.840909 0.209375 0.051136 0.028125
1 0.687500 0.337500 0.045455 0.025000
1 0.745739 0.453906 0.053977 0.032813
1 0.453125 0.381250 0.042614 0.025000
1 0.340909 0.625781 0.056818 0.026562
1 0.473011 0.533594 0.048295 0.023438
