1  0.917614 0.520312 0.056818 0.034375
1  0.907670 0.578125 0.053977 0.025000
1  0.934659 0.617188 0.045455 0.034375
1  0.853693 0.685937 0.071023 0.031250
1  0.747159 0.810937 0.045455 0.025000
1  0.659091 0.817969 0.045455 0.023438
1  0.139205 0.575781 0.062500 0.029687
1  0.178977 0.595313 0.056818 0.037500
1  0.482955 0.404687 0.051136 0.031250
1  0.586648 0.534375 0.053977 0.034375
1  0.551136 0.545312 0.045455 0.037500
1  0.539773 0.586719 0.051136 0.023438
1  0.542614 0.654687 0.045455 0.025000
1  0.559659 0.689844 0.051136 0.026562
1  0.362216 0.343750 0.042614 0.028125
1  0.454545 0.446875 0.045455 0.034375
1  0.407670 0.610156 0.036932 0.014063
1  0.453125 0.567187 0.025568 0.021875
1  0.474432 0.323437 0.045455 0.025000
1  0.294034 0.357031 0.053977 0.035937
1  0.038352 0.415625 0.036932 0.018750
1  0.122159 0.382812 0.022727 0.012500
1  0.056818 0.458594 0.045455 0.017188
