1 0.819602 0.341406 0.053977 0.032813
1 0.799716 0.362500 0.059659 0.031250
1 0.828125 0.317188 0.036932 0.021875
1 0.786932 0.322656 0.039773 0.029687
1 0.853693 0.403906 0.048295 0.029687
1 0.627841 0.587500 0.056818 0.025000
1 0.598011 0.585938 0.048295 0.028125
1 0.342330 0.356250 0.036932 0.034375
1 0.440341 0.358594 0.051136 0.020313
1 0.330966 0.247656 0.059659 0.032813
1 0.352273 0.292187 0.051136 0.034375
1 0.434659 0.277344 0.045455 0.029687
1 0.865057 0.479687 0.059659 0.028125
1 0.848011 0.519531 0.059659 0.023438
