1  0.806818 0.542188 0.051136 0.031250
1  0.835227 0.562500 0.056818 0.025000
1  0.529830 0.633594 0.025568 0.026562
1  0.534091 0.667188 0.034091 0.025000
1  0.413352 0.461719 0.053977 0.023438
1  0.369318 0.467969 0.034091 0.026562
1  0.370739 0.486719 0.048295 0.014063
1  0.558239 0.444531 0.036932 0.026562
1  0.535511 0.457031 0.042614 0.026562
1  0.593750 0.475000 0.028409 0.025000
1  0.470170 0.316406 0.042614 0.026562
1  0.892045 0.333594 0.056818 0.026562
1  0.975852 0.314063 0.048295 0.021875
1  0.328125 0.244531 0.025568 0.014063
1  0.055398 0.407031 0.036932 0.023438
1  0.034091 0.554688 0.062500 0.025000
1  0.082386 0.348438 0.034091 0.018750
1  0.416193 0.365625 0.025568 0.025000
1  0.545455 0.406250 0.017045 0.025000
1  0.329545 0.661719 0.022727 0.017188
1  0.519886 0.570312 0.017045 0.012500
1  0.514205 0.253906 0.022727 0.014063
