1 0.301136 0.167187 0.045455 0.028125
1 0.451705 0.192188 0.051136 0.028125
1 0.433239 0.224219 0.042614 0.023438
1 0.480114 0.214844 0.028409 0.017188
1 0.485795 0.257031 0.045455 0.023438
1 0.447443 0.301563 0.059659 0.021875
1 0.302557 0.299219 0.036932 0.020313
1 0.338068 0.353906 0.056818 0.032813
1 0.352273 0.405469 0.045455 0.026562
1 0.224432 0.492969 0.051136 0.026562
1 0.247159 0.517188 0.045455 0.025000
1 0.269886 0.538281 0.045455 0.020313
1 0.383523 0.597656 0.045455 0.023438
1 0.421875 0.607812 0.031250 0.025000
1 0.850852 0.315625 0.036932 0.025000
1 0.816761 0.321094 0.036932 0.017188
1 0.778409 0.328906 0.039773 0.020313
1 0.821023 0.442188 0.045455 0.031250
1 0.400568 0.357812 0.039773 0.021875
