1  0.571023 0.044531 0.051136 0.020313
1  0.525568 0.237500 0.056818 0.037500
1  0.055398 0.300000 0.048295 0.025000
1  0.055398 0.375781 0.053977 0.023438
1  0.134943 0.369531 0.042614 0.023438
1  0.034091 0.496875 0.045455 0.034375
1  0.086648 0.618750 0.031250 0.015625
1  0.284091 0.653125 0.051136 0.031250
1  0.235795 0.775781 0.028409 0.017188
1  0.316761 0.775000 0.036932 0.018750
1  0.911932 0.792188 0.034091 0.021875
1  0.967330 0.806250 0.031250 0.018750
1  0.913352 0.845313 0.042614 0.028125
1  0.383523 0.556250 0.039773 0.021875
1  0.389205 0.596875 0.028409 0.025000
1  0.535511 0.481250 0.036932 0.025000
1  0.603693 0.483594 0.036932 0.026562
1  0.536932 0.510156 0.028409 0.026562
1  0.573864 0.508594 0.034091 0.020313
1  0.329545 0.419531 0.045455 0.010937
1  0.504261 0.388281 0.036932 0.014063
1  0.569602 0.379688 0.053977 0.018750
1  0.754261 0.335156 0.042614 0.017188
