1  0.426136 0.869531 0.051136 0.023438
1  0.332386 0.869531 0.039773 0.020313
1  0.446023 0.740625 0.068182 0.028125
1  0.170455 0.578125 0.062500 0.034375
1  0.220170 0.432812 0.042614 0.028125
1  0.139205 0.442188 0.051136 0.031250
1  0.735795 0.541406 0.051136 0.029687
1  0.660511 0.290625 0.048295 0.031250
1  0.775568 0.314844 0.034091 0.014063
1  0.468750 0.376563 0.034091 0.021875
1  0.137784 0.352344 0.048295 0.020313
1  0.045455 0.378906 0.056818 0.023438
1  0.413352 0.692187 0.036932 0.025000
1  0.183239 0.702344 0.048295 0.026562
1  0.529830 0.630469 0.053977 0.026562
1  0.545455 0.670312 0.045455 0.028125
1  0.448864 0.481250 0.051136 0.012500
1  0.490057 0.506250 0.059659 0.018750
1  0.673295 0.542969 0.056818 0.020313
1  0.673295 0.573438 0.034091 0.021875
1  0.713068 0.569531 0.028409 0.023438
1  0.717330 0.435156 0.048295 0.023438
