1  0.559659 0.235937 0.056818 0.031250
1  0.313920 0.291406 0.065341 0.035937
1  0.561080 0.289844 0.059659 0.032813
1  0.921875 0.299219 0.048295 0.026562
1  0.950284 0.475781 0.059659 0.032813
1  0.960227 0.512500 0.068182 0.037500
1  0.426136 0.507812 0.051136 0.028125
1  0.375000 0.529687 0.056818 0.031250
1  0.301136 0.718750 0.051136 0.028125
1  0.176136 0.860938 0.045455 0.025000
1  0.112216 0.869531 0.053977 0.029687
1  0.102273 0.317188 0.056818 0.031250
1  0.248580 0.383594 0.053977 0.029687
1  0.362216 0.394531 0.059659 0.032813
1  0.255682 0.410938 0.034091 0.018750
1  0.684659 0.395313 0.056818 0.031250
1  0.965909 0.614062 0.056818 0.031250
