1  0.251420 0.235156 0.059659 0.032813
1  0.258523 0.290625 0.039773 0.021875
1  0.264205 0.539062 0.056818 0.031250
1  0.792614 0.375000 0.051136 0.028125
1  0.755682 0.375000 0.056818 0.031250
1  0.637784 0.297656 0.031250 0.017188
1  0.605114 0.298438 0.039773 0.021875
1  0.627841 0.315625 0.028409 0.015625
1  0.717330 0.467969 0.048295 0.026562
1  0.650568 0.478125 0.039773 0.021875
1  0.653409 0.514062 0.051136 0.028125
1  0.660511 0.616406 0.053977 0.029687
1  0.517045 0.637500 0.045455 0.025000
1  0.845170 0.367969 0.036932 0.020313
1  0.171875 0.580469 0.025568 0.014063
