1  0.276989 0.200781 0.042614 0.035937
1  0.373580 0.449219 0.053977 0.029687
1  0.301136 0.450000 0.051136 0.025000
1  0.345170 0.471875 0.048295 0.025000
1  0.693182 0.742188 0.039773 0.025000
1  0.738636 0.757031 0.028409 0.017188
1  0.688920 0.794531 0.036932 0.023438
1  0.053977 0.626563 0.068182 0.028125
1  0.035511 0.641406 0.065341 0.026562
1  0.035511 0.586719 0.042614 0.017188
1  0.150568 0.528125 0.045455 0.025000
1  0.153409 0.565625 0.039773 0.028125
1  0.813920 0.333594 0.048295 0.032813
1  0.774148 0.410156 0.042614 0.023438
1  0.747159 0.414062 0.039773 0.021875
1  0.551136 0.303125 0.028409 0.015625
1  0.178977 0.474219 0.039773 0.023438
1  0.130682 0.414844 0.039773 0.020313
1  0.261364 0.357812 0.051136 0.018750
1  0.927557 0.325000 0.031250 0.021875
