0 0.151989 0.599219 0.048295 0.026562
0 0.075284 0.431250 0.042614 0.021875
0 0.113636 0.481250 0.051136 0.034375
0 0.242898 0.487500 0.048295 0.031250
0 0.083807 0.331250 0.076705 0.034375
0 0.650568 0.187500 0.068182 0.034375
0 0.546875 0.335938 0.059659 0.037500
0 0.575284 0.414844 0.071023 0.029687
0 0.796875 0.378906 0.059659 0.026562
0 0.843750 0.149219 0.068182 0.032813
0 0.872159 0.456250 0.062500 0.028125
0 0.481534 0.510156 0.071023 0.035937
0 0.620739 0.515625 0.053977 0.034375
0 0.778409 0.571094 0.056818 0.029687
0 0.649148 0.282813 0.071023 0.031250
