1 0.251420 0.166406 0.048295 0.029687
1 0.400568 0.182812 0.051136 0.034375
1 0.387784 0.220312 0.042614 0.021875
1 0.437500 0.214062 0.034091 0.021875
1 0.440341 0.252344 0.062500 0.023438
1 0.409091 0.298438 0.056818 0.034375
1 0.261364 0.302344 0.068182 0.029687
1 0.319602 0.308594 0.042614 0.026562
1 0.292614 0.355469 0.062500 0.032813
1 0.362216 0.353906 0.031250 0.020313
1 0.223011 0.360156 0.053977 0.026562
1 0.313920 0.402344 0.053977 0.029687
1 0.184659 0.494531 0.045455 0.026562
1 0.214489 0.517188 0.048295 0.028125
1 0.244318 0.539844 0.039773 0.023438
1 0.794034 0.436719 0.048295 0.029687
1 0.911932 0.192188 0.051136 0.031250
1 0.394886 0.608594 0.039773 0.029687
1 0.357955 0.602344 0.039773 0.026562
1 0.794034 0.567187 0.042614 0.018750
1 0.850852 0.499219 0.042614 0.023438
