1  0.062500 0.606250 0.062500 0.034375
1  0.031250 0.549219 0.056818 0.032813
1  0.248580 0.855469 0.053977 0.029687
1  0.309659 0.846875 0.051136 0.028125
1  0.431818 0.710938 0.056818 0.031250
1  0.536932 0.495312 0.039773 0.021875
1  0.500000 0.517188 0.045455 0.025000
1  0.436080 0.285156 0.065341 0.035937
1  0.673295 0.229687 0.056818 0.031250
1  0.676136 0.281250 0.056818 0.031250
1  0.485795 0.384375 0.051136 0.028125
1  0.232955 0.312500 0.045455 0.025000
1  0.379261 0.377344 0.053977 0.029687
