1  0.169034 0.328906 0.065341 0.035937
1  0.261364 0.407813 0.045455 0.025000
1  0.247159 0.364063 0.051136 0.028125
1  0.386364 0.329688 0.045455 0.025000
1  0.389205 0.360938 0.051136 0.028125
1  0.411932 0.551562 0.051136 0.028125
1  0.446023 0.606250 0.051136 0.028125
1  0.801136 0.704688 0.045455 0.025000
1  0.684659 0.848437 0.039773 0.021875
1  0.630682 0.851562 0.045455 0.025000
1  0.806818 0.287500 0.056818 0.031250
1  0.605114 0.314063 0.056818 0.031250
1  0.894886 0.165625 0.051136 0.028125
1  0.899148 0.197656 0.042614 0.023438
1  0.829545 0.379688 0.056818 0.031250
1  0.738636 0.376563 0.045455 0.025000
1  0.193182 0.282813 0.045455 0.025000
1  0.328125 0.280469 0.031250 0.017188
