1  0.250000 0.742188 0.045455 0.025000
1  0.052557 0.892969 0.059659 0.032813
1  0.116477 0.884375 0.051136 0.028125
1  0.069602 0.339844 0.048295 0.026562
1  0.268466 0.307031 0.053977 0.029687
1  0.255682 0.342187 0.039773 0.021875
1  0.531250 0.315625 0.051136 0.028125
1  0.522727 0.264062 0.056818 0.031250
1  0.845170 0.317969 0.036932 0.020313
1  0.894886 0.323437 0.039773 0.021875
1  0.865057 0.339844 0.042614 0.023438
1  0.647727 0.417187 0.045455 0.025000
1  0.215909 0.409375 0.062500 0.034375
1  0.208807 0.428906 0.053977 0.029687
1  0.910511 0.502344 0.042614 0.023438
1  0.921875 0.536719 0.053977 0.029687
1  0.934659 0.643750 0.056818 0.031250
1  0.367898 0.532031 0.042614 0.023438
