1  0.171875 0.330469 0.059659 0.032813
1  0.259943 0.363281 0.048295 0.026562
1  0.255682 0.406250 0.039773 0.021875
1  0.390625 0.357031 0.042614 0.023438
1  0.390625 0.325781 0.053977 0.029687
1  0.183239 0.282031 0.053977 0.029687
1  0.821023 0.281250 0.062500 0.034375
1  0.602273 0.306250 0.051136 0.028125
1  0.410511 0.542969 0.053977 0.029687
1  0.440341 0.601562 0.045455 0.025000
1  0.677557 0.846094 0.048295 0.026562
1  0.627841 0.857812 0.039773 0.021875
1  0.812500 0.710938 0.045455 0.025000
1  0.843750 0.375000 0.051136 0.028125
1  0.897727 0.501563 0.056818 0.031250
1  0.907670 0.161719 0.048295 0.026562
1  0.911932 0.198437 0.045455 0.025000
1  0.941761 0.303906 0.036932 0.020313
1  0.323864 0.273438 0.034091 0.018750
