1  0.404830 0.224219 0.053977 0.039062
1  0.430398 0.032813 0.031250 0.018750
1  0.934659 0.352344 0.051136 0.035937
1  0.792614 0.769531 0.034091 0.020313
1  0.839489 0.780469 0.036932 0.020313
1  0.794034 0.819531 0.036932 0.023438
1  0.163352 0.642969 0.053977 0.029687
1  0.259943 0.541406 0.036932 0.023438
1  0.267045 0.582812 0.034091 0.028125
1  0.146307 0.599219 0.036932 0.017188
1  0.210227 0.764844 0.034091 0.017188
1  0.119318 0.764844 0.034091 0.017188
1  0.481534 0.467969 0.042614 0.023438
1  0.886364 0.431250 0.039773 0.021875
1  0.855114 0.431250 0.034091 0.021875
1  0.410511 0.470313 0.048295 0.025000
1  0.450284 0.471875 0.031250 0.018750
1  0.455966 0.492188 0.036932 0.021875
1  0.411932 0.496094 0.028409 0.023438
1  0.288352 0.492188 0.042614 0.015625
1  0.640625 0.318750 0.036932 0.018750
1  0.444602 0.364063 0.053977 0.009375
1  0.377841 0.373437 0.045455 0.018750
1  0.201705 0.405469 0.039773 0.017188
