1  0.333807 0.246094 0.065341 0.035937
1  0.348011 0.296094 0.053977 0.029687
1  0.063920 0.292969 0.053977 0.029687
1  0.059659 0.321875 0.039773 0.021875
1  0.130682 0.395313 0.034091 0.018750
1  0.346591 0.540625 0.056818 0.031250
1  0.068182 0.714063 0.045455 0.025000
1  0.738636 0.617188 0.056818 0.031250
1  0.593750 0.640625 0.039773 0.021875
1  0.731534 0.522656 0.042614 0.023438
1  0.876420 0.372656 0.042614 0.023438
1  0.836648 0.383594 0.048295 0.026562
1  0.798295 0.468750 0.039773 0.021875
1  0.732955 0.485938 0.045455 0.025000
1  0.725852 0.307031 0.042614 0.023438
1  0.693182 0.304688 0.045455 0.025000
1  0.704545 0.320312 0.034091 0.018750
1  0.453125 0.402344 0.031250 0.017188
1  0.265625 0.585156 0.031250 0.017188
