1  0.352273 0.018750 0.039773 0.021875
1  0.321023 0.215625 0.051136 0.031250
1  0.853693 0.346094 0.053977 0.032813
1  0.806818 0.419531 0.039773 0.023438
1  0.776989 0.419531 0.042614 0.026562
1  0.401989 0.459375 0.053977 0.021875
1  0.343750 0.459375 0.039773 0.028125
1  0.379261 0.481250 0.048295 0.021875
1  0.339489 0.489063 0.031250 0.031250
1  0.190341 0.535156 0.039773 0.023438
1  0.063920 0.589844 0.031250 0.020313
1  0.086648 0.634375 0.059659 0.028125
1  0.183239 0.576562 0.042614 0.025000
1  0.133523 0.760938 0.034091 0.018750
1  0.715909 0.758594 0.034091 0.023438
1  0.767045 0.767188 0.034091 0.015625
1  0.715909 0.806250 0.045455 0.021875
1  0.571023 0.312500 0.028409 0.015625
1  0.598011 0.397656 0.019886 0.010937
1  0.127841 0.398438 0.034091 0.015625
1  0.218750 0.482031 0.045455 0.017188
1  0.177557 0.418750 0.019886 0.018750
1  0.303977 0.369531 0.034091 0.017188
1  0.563920 0.259375 0.019886 0.009375
