1  0.075284 0.894531 0.065341 0.035937
1  0.126420 0.885156 0.048295 0.026562
1  0.254261 0.749219 0.048295 0.026562
1  0.088068 0.345313 0.056818 0.031250
1  0.274148 0.321094 0.059659 0.032813
1  0.545455 0.264062 0.056818 0.031250
1  0.545455 0.317188 0.045455 0.025000
1  0.869318 0.320312 0.045455 0.025000
1  0.913352 0.325781 0.048295 0.026562
1  0.221591 0.409375 0.051136 0.028125
1  0.943182 0.512500 0.039773 0.021875
1  0.937500 0.543750 0.056818 0.031250
1  0.542614 0.568750 0.051136 0.028125
1  0.656250 0.425000 0.051136 0.028125
1  0.960227 0.651563 0.045455 0.025000
1  0.383523 0.537500 0.039773 0.021875
