0 0.095170 0.438281 0.059659 0.026562
0 0.137784 0.481250 0.059659 0.028125
0 0.272727 0.494531 0.056818 0.026562
0 0.180398 0.603906 0.059659 0.029687
0 0.677557 0.189062 0.059659 0.031250
0 0.102273 0.339062 0.051136 0.028125
0 0.819602 0.381250 0.053977 0.034375
0 0.579545 0.337500 0.056818 0.034375
0 0.897727 0.457813 0.073864 0.028125
0 0.521307 0.510156 0.059659 0.029687
0 0.640625 0.521875 0.053977 0.037500
0 0.683239 0.285156 0.059659 0.035937
0 0.867898 0.152344 0.065341 0.029687
0 0.805398 0.574219 0.053977 0.035937
