1  0.630682 0.053125 0.051136 0.028125
1  0.588068 0.246094 0.051136 0.035937
1  0.029830 0.326562 0.048295 0.028125
1  0.113636 0.306250 0.045455 0.028125
1  0.116477 0.380469 0.051136 0.023438
1  0.197443 0.381250 0.048295 0.021875
1  0.095170 0.507031 0.042614 0.026562
1  0.146307 0.621875 0.031250 0.018750
1  0.338068 0.661719 0.056818 0.026562
1  0.286932 0.782031 0.034091 0.014063
1  0.372159 0.785937 0.034091 0.018750
1  0.960227 0.802344 0.039773 0.029687
1  0.444602 0.606250 0.031250 0.031250
1  0.438920 0.564844 0.042614 0.023438
1  0.318182 0.612500 0.051136 0.025000
1  0.654830 0.492188 0.053977 0.031250
1  0.596591 0.489844 0.056818 0.029687
1  0.590909 0.518750 0.034091 0.028125
1  0.629261 0.516406 0.036932 0.020313
1  0.389205 0.428125 0.051136 0.018750
1  0.464489 0.513281 0.048295 0.020313
1  0.799716 0.338281 0.036932 0.017188
1  0.632102 0.387500 0.048295 0.012500
1  0.971591 0.858594 0.045455 0.023438
