0 0.075284 0.130469 0.042614 0.026562
0 0.150568 0.139063 0.039773 0.028125
0 0.211648 0.294531 0.053977 0.032813
0 0.083807 0.324219 0.031250 0.017188
0 0.044034 0.336719 0.036932 0.023438
0 0.640625 0.254688 0.042614 0.025000
0 0.752841 0.308594 0.039773 0.029687
0 0.813920 0.394531 0.036932 0.020313
0 0.646307 0.474219 0.036932 0.023438
0 0.606534 0.379688 0.036932 0.018750
0 0.088068 0.540625 0.045455 0.021875
0 0.042614 0.269531 0.045455 0.026562
0 0.080966 0.217188 0.042614 0.025000
0 0.767045 0.247656 0.039773 0.023438
