1 0.526989 0.367188 0.042614 0.021875
1 0.035511 0.282031 0.065341 0.029687
1 0.142045 0.308594 0.045455 0.020313
1 0.065341 0.392969 0.062500 0.029687
1 0.177557 0.399219 0.048295 0.026562
1 0.580966 0.429688 0.053977 0.028125
1 0.490057 0.522656 0.031250 0.017188
1 0.578125 0.549219 0.048295 0.023438
1 0.524148 0.393750 0.048295 0.025000
1 0.534091 0.346094 0.039773 0.020313
1 0.492898 0.347656 0.031250 0.020313
1 0.416193 0.331250 0.059659 0.028125
1 0.634943 0.353125 0.048295 0.025000
1 0.639205 0.533594 0.051136 0.023438
1 0.585227 0.504687 0.034091 0.028125
1 0.640625 0.456250 0.031250 0.025000
1 0.384943 0.614062 0.048295 0.021875
1 0.791193 0.616406 0.048295 0.032813
