1 0.053977 0.269531 0.062500 0.029687
1 0.073864 0.379688 0.056818 0.031250
1 0.178977 0.382031 0.045455 0.026562
1 0.163352 0.296094 0.042614 0.023438
1 0.514205 0.339062 0.045455 0.018750
1 0.545455 0.335156 0.045455 0.023438
1 0.545455 0.356250 0.056818 0.025000
1 0.538352 0.377344 0.053977 0.026562
1 0.593750 0.425781 0.045455 0.026562
1 0.598011 0.494531 0.059659 0.023438
1 0.589489 0.540625 0.053977 0.025000
1 0.649148 0.525781 0.048295 0.017188
1 0.393466 0.605469 0.048295 0.017188
1 0.375000 0.607812 0.028409 0.018750
1 0.795455 0.609375 0.028409 0.025000
1 0.646307 0.446875 0.031250 0.015625
1 0.690341 0.328906 0.034091 0.020313
