1  0.134943 0.302344 0.059659 0.032813
1  0.420455 0.250000 0.056818 0.031250
1  0.953125 0.385156 0.031250 0.017188
1  0.916193 0.394531 0.042614 0.023438
1  0.798295 0.307812 0.039773 0.021875
1  0.764205 0.307812 0.039773 0.021875
1  0.781250 0.329688 0.034091 0.018750
1  0.875000 0.471875 0.045455 0.025000
1  0.811080 0.494531 0.042614 0.023438
1  0.813920 0.525781 0.048295 0.026562
1  0.819602 0.630469 0.036932 0.020313
1  0.430398 0.547656 0.042614 0.023438
1  0.136364 0.715625 0.039773 0.021875
1  0.025568 0.843750 0.039773 0.021875
1  0.102273 0.395313 0.045455 0.025000
1  0.100852 0.419531 0.036932 0.020313
1  0.430398 0.300781 0.053977 0.029687
1  0.536932 0.403125 0.034091 0.018750
1  0.204545 0.403125 0.034091 0.018750
1  0.319602 0.330469 0.031250 0.017188
1  0.659091 0.648438 0.045455 0.025000
