1 0.600852 0.504687 0.048295 0.025000
1 0.623580 0.535156 0.059659 0.023438
1 0.644886 0.553906 0.062500 0.023438
1 0.744318 0.614062 0.039773 0.015625
1 0.776989 0.626563 0.048295 0.028125
1 0.737216 0.439844 0.065341 0.026562
1 0.725852 0.389062 0.053977 0.034375
1 0.782670 0.389062 0.071023 0.028125
1 0.832386 0.342969 0.079545 0.035937
1 0.707386 0.339062 0.062500 0.028125
1 0.714489 0.221875 0.053977 0.028125
1 0.842330 0.239063 0.048295 0.021875
1 0.825284 0.269531 0.053977 0.020313
1 0.882102 0.269531 0.036932 0.020313
