1  0.420455 0.324219 0.051136 0.032813
1  0.372159 0.465625 0.039773 0.028125
1  0.017045 0.411719 0.028409 0.020313
1  0.276989 0.667188 0.031250 0.021875
1  0.501420 0.674219 0.036932 0.023438
1  0.487216 0.636719 0.031250 0.017188
1  0.747159 0.545312 0.039773 0.025000
1  0.782670 0.563281 0.042614 0.029687
1  0.515625 0.450000 0.036932 0.021875
1  0.488636 0.463281 0.039773 0.023438
1  0.360795 0.370312 0.028409 0.021875
1  0.325284 0.494531 0.053977 0.020313
1  0.319602 0.468750 0.036932 0.025000
1  0.835227 0.330469 0.039773 0.017188
1  0.933239 0.322656 0.065341 0.023438
1  0.982955 0.414844 0.034091 0.023438
1  0.940341 0.582031 0.034091 0.007812
1  0.862216 0.347656 0.031250 0.017188
1  0.551136 0.480469 0.039773 0.023438
