1  0.982955 0.676562 0.034091 0.018750
1  0.862216 0.819531 0.048295 0.026562
1  0.822443 0.827344 0.042614 0.023438
1  0.637784 0.582031 0.053977 0.029687
1  0.595170 0.530469 0.053977 0.029687
1  0.482955 0.392188 0.045455 0.025000
1  0.386364 0.317188 0.056818 0.031250
1  0.465909 0.346875 0.056818 0.031250
1  0.389205 0.271875 0.051136 0.028125
1  0.511364 0.254688 0.056818 0.031250
1  0.592330 0.311719 0.059659 0.032813
1  0.588068 0.340625 0.051136 0.028125
1  0.796875 0.297656 0.048295 0.026562
