1 0.075284 0.193750 0.048295 0.037500
1 0.232955 0.207813 0.056818 0.037500
1 0.224432 0.244531 0.039773 0.026562
1 0.242898 0.323437 0.059659 0.034375
1 0.139205 0.332031 0.051136 0.026562
1 0.065341 0.320312 0.045455 0.018750
1 0.116477 0.379688 0.056818 0.034375
1 0.201705 0.382812 0.045455 0.031250
1 0.140625 0.425000 0.065341 0.025000
1 0.042614 0.383594 0.051136 0.029687
1 0.026989 0.518750 0.042614 0.028125
1 0.049716 0.542969 0.053977 0.023438
1 0.076705 0.562500 0.062500 0.025000
1 0.340909 0.387500 0.051136 0.028125
1 0.237216 0.639062 0.053977 0.028125
1 0.201705 0.626563 0.056818 0.025000
1 0.630682 0.459375 0.051136 0.031250
1 0.714489 0.521094 0.053977 0.026562
1 0.721591 0.222656 0.051136 0.035937
1 0.913352 0.226562 0.042614 0.028125
