0 0.190341 0.125000 0.051136 0.037500
0 0.420455 0.099219 0.068182 0.035937
0 0.196023 0.231250 0.068182 0.034375
0 0.095170 0.281250 0.065341 0.050000
0 0.403409 0.334375 0.056818 0.037500
0 0.058239 0.462500 0.048295 0.040625
0 0.759943 0.120313 0.059659 0.037500
0 0.975852 0.117188 0.048295 0.040625
0 0.911932 0.386719 0.056818 0.029687
0 0.642045 0.479687 0.051136 0.025000
0 0.423295 0.410156 0.056818 0.029687
0 0.365057 0.532031 0.059659 0.029687
0 0.201705 0.472656 0.056818 0.035937
0 0.382102 0.501563 0.065341 0.037500
