1  0.271307 0.311719 0.053977 0.029687
1  0.552557 0.260156 0.048295 0.026562
1  0.879261 0.327344 0.048295 0.026562
1  0.919034 0.325781 0.036932 0.020313
1  0.911932 0.343750 0.028409 0.015625
1  0.555398 0.311719 0.036932 0.020313
1  0.667614 0.418750 0.039773 0.021875
1  0.538352 0.566406 0.053977 0.029687
1  0.082386 0.881250 0.051136 0.028125
1  0.139205 0.878125 0.051136 0.028125
1  0.259943 0.742969 0.036932 0.020313
1  0.957386 0.648438 0.056818 0.031250
1  0.946023 0.512500 0.051136 0.028125
1  0.948864 0.550000 0.039773 0.021875
1  0.089489 0.341406 0.048295 0.026562
1  0.225852 0.407031 0.042614 0.023438
1  0.228693 0.436719 0.048295 0.026562
1  0.272727 0.423438 0.034091 0.018750
1  0.356534 0.410156 0.042614 0.023438
