1  0.650568 0.850000 0.051136 0.028125
1  0.588068 0.854688 0.051136 0.028125
1  0.782670 0.703906 0.053977 0.029687
1  0.407670 0.599219 0.048295 0.026562
1  0.384943 0.542969 0.048295 0.026562
1  0.224432 0.360938 0.056818 0.031250
1  0.140625 0.325781 0.059659 0.032813
1  0.355114 0.318750 0.051136 0.028125
1  0.352273 0.353125 0.056818 0.031250
1  0.288352 0.400781 0.036932 0.020313
1  0.224432 0.401562 0.045455 0.025000
1  0.167614 0.281250 0.039773 0.021875
1  0.573864 0.310937 0.056818 0.031250
1  0.791193 0.278906 0.071023 0.039062
1  0.879261 0.161719 0.042614 0.023438
1  0.884943 0.194531 0.048295 0.026562
1  0.826705 0.378125 0.051136 0.028125
1  0.877841 0.496875 0.039773 0.021875
1  0.924716 0.302344 0.048295 0.026562
1  0.301136 0.271875 0.051136 0.028125
