1 0.035511 0.292969 0.048295 0.026562
1 0.063920 0.399219 0.053977 0.029687
1 0.174716 0.405469 0.036932 0.023438
1 0.143466 0.323437 0.042614 0.021875
1 0.517045 0.373437 0.039773 0.018750
1 0.518466 0.350000 0.031250 0.018750
1 0.491477 0.353125 0.034091 0.018750
1 0.514205 0.396875 0.056818 0.025000
1 0.397727 0.332813 0.051136 0.021875
1 0.575284 0.436719 0.048295 0.023438
1 0.610795 0.464844 0.034091 0.023438
1 0.636364 0.457031 0.039773 0.020313
1 0.622159 0.534375 0.056818 0.025000
1 0.568182 0.551562 0.045455 0.021875
1 0.494318 0.525781 0.039773 0.023438
1 0.387784 0.619531 0.036932 0.020313
1 0.794034 0.617188 0.053977 0.025000
