1  0.696023 0.746875 0.034091 0.021875
1  0.742898 0.757812 0.025568 0.021875
1  0.691761 0.796875 0.031250 0.015625
1  0.056818 0.626563 0.056818 0.028125
1  0.038352 0.642188 0.053977 0.028125
1  0.038352 0.583594 0.031250 0.020313
1  0.157670 0.565625 0.036932 0.031250
1  0.156250 0.525781 0.045455 0.029687
1  0.382102 0.452344 0.048295 0.026562
1  0.740057 0.410156 0.048295 0.026562
1  0.768466 0.407813 0.042614 0.021875
1  0.818182 0.331250 0.051136 0.028125
1  0.288352 0.207031 0.048295 0.026562
1  0.308239 0.452344 0.048295 0.026562
1  0.302557 0.478125 0.031250 0.028125
1  0.352273 0.475000 0.034091 0.021875
1  0.181818 0.473438 0.034091 0.018750
1  0.136364 0.412500 0.034091 0.018750
1  0.269886 0.358594 0.034091 0.020313
1  0.397727 0.357031 0.045455 0.017188
1  0.552557 0.301563 0.025568 0.012500
